1,0,0,0,0,0,0,0,0,0,0,0,0,0,0,0,0,0,0,0,0,0,0,0,0,0,0,0,0,0,0,0,0,0,0,0,0,0,0,0,0,0,0,0,0,0,0,0,0,0,0,0,0,0,0,0,0,0,0,0,0,0,0,0,0,0,0,0,0,0,0,0,0,0,0,0,0,0,0,0,0,0,0,0,0,0,0,0,0,0,0,0,0,0,0,0,0,0,0,0,0,0,0,0,0,0,0,0,0,0,0,0,0,0,0,0,0,0,0,0,0,0,0,0,0,0,0,0,0,0,0,0,0,0,0,0,0,0,0,0,0,0,0,0,0,0,0,0,0,0,0,0,0,0,0,0,0,0,0,0,0,0,0,0,0,0,0,0,0,0,0,0,0,0,0,0,0,0,0,0
0.00404791531121514,0.00139951139826376,0.00240601540437713,0.00120345955962397,0.000792942300349007,0.00146233016100715,0.00090247821536275,0.000935047287893726,0.00131549503689295,0.00100933193795238,0.00152752278814066,0.00130587050353372,0.00133959196692982,0.000962565003708529,0.000463221238543326,0.000456659891368289,0.000398786040420955,7.30103309069203e-05,9.00802123270363e-05,0.000198206723580737,0.000233628144566472,9.46263420955019e-05,0.000133268599720208,0.000186201413630207,0.00250114785551312,0.0101319861498579,0.00926032246579115,0.00406241243108223,0.00230071627090988,0.000901274593480294,0.000598306526420288,9.03986041631556e-05,0.00104429821568488,0.000904037553924875,0.000568322538653522,0.000140669030803769,0.0471212374813245,0.0546870167640475,0.0444332705991051,0.00336811711701749,0.0317811183901954,0.0404795999171403,0.0384423781412805,0.0335902214998731,0.0279814698887771,0.0218535728102985,0.0184594056254365,0.017535155140874,0.0499636220171311,0.0481017607891878,0.0112775391070802,0.0127834989998234,0.0156184140470673,0.00836688452248761,0.0125017141210264,0.00722319065674851,0.00290287474402042,0.00334265820010725,0.00256308037219434,0.00238982755333608,0.194801338609872,0.117451505354538,0.0248007587493303,0.0256295222960591,0.0140497715352027,0.00517674834965766,0.00463173918269363,0.00237457127673278,0.00272196614554286,0.00255190282743723,0.00410255255535452,0.00407382591313657,0.0912160052753676,0.0375212131487688,0.0451209022506606,0.0461288444828854,0.0201138535100158,0.010196820019957,0.00886496459409688,0.00859282143466946,0.00696838681301704,0.0124270201349893,0.0207335318784594,0.0200280295883361,0.00764173605543274,0.00687883990332286,0.00550661976289844,0.00183289193204014,0.00248198418248427,0.00113456550666463,0.00038131827020543,0.000628094007245207,0.000577908689414943,0.00110275913029047,0.00121429165530915,0.00184126355261992,0.000669676403269092,0.000420880080814697,0.000290400470736377,0.000354876879303003,0.000568108545200329,0.000201159600550697,4.41119099967366e-05,0.000235016989181311,0.000620518710237782,0.000656975127097591,0.000394393514839897,0.000364246758779012,0.000945154155427386,0.00489985896273652,0.00738788739469021,0.00387343876423023,0.00137534216215583,0.00127658130603522,0.000737480273507746,0.000746194930278718,0.000197231764892984,0.000862073745971666,0.000974124823174817,0.00121799420200302,0.0516617196557905,0.0567163583490056,0.040247727976911,0.0108165921245648,0.0349514050762601,0.0370735486843733,0.0309558055016331,0.0279329051552039,0.0250784902404471,0.0208263019848862,0.015905196794828,0.0139921920774405,0.0318126045529906,0.0409164191283482,0.0241294516371104,0.021640451931169,0.0273972356342978,0.0189928251899468,0.0141041212187228,0.0113132940023259,0.00911077514869159,0.00876699533923027,0.00577913468829644,0.00441599373708366,0.199369364147407,0.124018372255545,0.0243731245380817,0.012303893095315,0.0100534099731095,0.00262087047266345,0.00444115524154607,0.00159100911890365,0.00255070092787012,0.00179424923504991,0.00192725200169683,0.00120617524069772,0.103010001086769,0.0401950764361273,0.048150863407398,0.0529018080419903,0.0275067906701136,0.00825272647889895,0.00388788621479972,0.0129765802131599,0.020328257120097,0.0243656145671077,0.0217888255104369,0.0209293962694374,0.0102321835608589,0.00815748815030458,0.00647086512587414,0.00421251310055412,0.00307816999057349,0.00281530241542064,0.00306940226696117,0.00171186067614036,0.00274921923827218,0.00262273053185826,0.00320563649753344,0.00368299124294943
0.00803879815440288,0.00295760287721295,0.00217943972017934,0.00274323632291195,0.00168549233035846,0.00107452367273922,0.000531219874186495,0.00203018539260837,0.00067937813071684,0.0018028259666947,0.000300503833895698,0.0012009899213508,0.00989473321713426,0.00476205415528944,0.000213232734732328,0.000206263660732273,0.000316190910604393,0.000723020124345684,0.000584651858530457,0.00011410324426428,0.000444948777529953,0.000335288458728747,0.000462734733645423,0.00033715604896932,0.0147748438628327,0.0049832114462646,0.00351658856360979,0.00203218122605326,0.0017513582665234,0.00205201173589303,0.00154130554826512,0.000500914586019753,0.00134356995236966,0.000645356767519601,0.000849142768292357,0.000700146677240491,0.0430781361901234,0.025421373327058,0.00454130385714444,0.0166960816420522,0.0189716273526803,0.00856946315394511,0.00863527717685336,0.0094634548996227,0.00696984292976841,0.00579993680464036,0.00721494417710913,0.00562127099395378,0.0327601541096316,0.00910653947796735,0.00609776707167328,0.00895994904572617,0.00956105483398369,0.00585446410044982,0.00292823483444696,0.000765445856344278,0.00160211730307677,0.00166657206983975,0.0013347776398435,0.00133663607030765,0.00806010569534872,0.0261100700402874,0.0230274431357935,0.00476399696979332,0.00933517694605587,0.00475917638997962,0.00103880554426571,0.00373325817792751,0.00351117517480057,0.00331817219955091,0.0041768382517275,0.0039517144439982,0.0024359865681518,0.0115061036219337,0.0103608475014472,0.0243809896878614,0.0251940284287306,0.0135987373559631,0.00770682050721041,0.00527297421192652,0.00905298896548409,0.0172365651129416,0.0157921183763317,0.00407264638315417,0.0173541500746277,0.0065616680367892,0.00201082239942696,0.00363509414142451,0.00210264199568581,0.00179362971534942,0.000481824261496134,0.00165059871751376,0.00134527879974007,0.00173087129923148,0.00169509875693601,0.00174848813741763,0.0202259554164757,0.00924324823417999,0.00042925673116475,0.000155229550165563,0.000252116700357455,0.000383187816513752,0.000524657018569627,0.000171139951306852,0.000182000692903788,0.000523260751599626,0.000406411146431643,0.000328351291605121,0.0177163385803207,0.00354743059134672,0.00367577020475224,0.00216011896963953,0.00143244911007673,0.00125504308990555,0.000846097360860134,0.000868005194236611,0.000548446827064825,0.000605352889485092,0.000480189461119661,0.000649214682862693,0.0560024309352657,0.0351748876501325,0.00498861280247965,0.0194941637515476,0.0213788806954008,0.00679485573351513,0.00937709274185105,0.014156367042976,0.0106548639539409,0.00592399301230358,0.00606252984416893,0.00591919732838766,0.0434341077814619,0.0169629689323994,0.0100254458688979,0.0189205715731088,0.0156608160093533,0.00808283242377822,0.00542259807439355,0.00512531181077473,0.0046277398742085,0.00482733221727197,0.00405896480743684,0.00289116629537515,0.0092488852999314,0.0232872742087,0.0205905085491871,0.00553886438872982,0.00505001754767961,0.00640584391436762,0.00391544329209151,0.00275466194662548,0.00374832593236243,0.00306098299693087,0.00331592833912217,0.0025663995213473,0.0070643975893374,0.0148268986486713,0.0163182984036815,0.00783478718724786,0.00877014368480262,0.0114464144049215,0.0182144556372496,0.01839294687099,0.00688086283987637,0.0125767718718422,0.0211736657944635,0.0186475337907291,0.010730200196107,0.0062210494704593,0.00254376145582446,0.00319658910141218,0.00151660848821641,0.00181319043202616,0.00147868245190094,0.00370160048813482,0.00260187808104503,0.00277098161394868,0.0019098699736956,0.00150372798858956
0.000667786082588277,0.00289523947992424,0.00096197000389018,0.000980508554916018,0.000215738682651369,0.000348334350278532,0.000478620721423812,0.000276384951887435,0.000587363053736462,0.000206403975912628,0.000791303863566148,0.000489249673485631,0.00137301656368125,0.000691989483877542,0.000442076407781248,0.000298767439146066,0.000292114535806732,0.000279698301092343,0.000224460621302102,0.000188971880419467,0.00015764914857756,0.00017014170881891,0.000130052424355321,3.29307202271602e-05,0.0137110870407144,0.0102122033285665,0.00175126037434792,0.00153031695448865,0.0012557368876233,0.000439477765921537,0.00108927823276416,0.00158753705511653,0.00064459272889841,0.000983948930856957,0.000657156428414123,0.000316735672657991,0.0653800641084998,0.0490268074462542,0.0253479467013981,0.0189857223307307,0.0202912794399389,0.0153304008776706,0.0119180600875407,0.00919234542411613,0.0014095434102324,0.00348829079109359,0.002236769147152,0.00213694329742375,0.0145349451234164,0.00992576788548658,0.00690330548899556,0.0118436312858535,0.0106498846200629,0.00589551076990703,0.0059099230949185,0.00420355946770978,0.00359895866475961,0.00143169471344502,0.000766008349254845,0.00129587119059713,0.0744277457940281,0.0949573550618684,0.0681270991874239,0.02197145142484,0.0178182547196105,0.00687153404213557,0.0041092129368172,0.00234758173433911,0.00437030183894629,0.00482072458510132,0.00475762909030563,0.00430443681209856,0.00328137143482526,0.0723307517623467,0.0654956403949432,0.0264266386785555,0.0075569896612615,0.0129084230656013,0.0103790459323566,0.0112339088651665,0.0144786806596487,0.014616176365436,0.0148512556538415,0.0175279163056777,0.00273157597276068,0.00661547016766293,0.002714142625025,0.000366817802942114,0.00122966127797833,0.00155299021485669,0.000404239726578766,0.00070978256586156,0.00015699260457726,0.000554935871625829,0.000592205320134842,0.000979376492320272,0.00510380957235858,0.00236253480203365,0.000261342019075023,0.000253783458537216,0.000489914174967228,0.000253556670365447,0.000561365354555897,0.000446770052051251,0.000512166693223062,0.000246489137598347,6.75259986999215e-05,0.000193824305778999,0.00434010663691695,0.0061836620139089,0.00106327896069681,0.000881100543552523,0.00158036798961108,0.000505997597646592,0.00135373028039184,0.000430241023153542,0.000141617804344638,0.000385804263526679,0.000107041896279252,7.34201818101841e-05,0.0656884047329037,0.0502586192624879,0.0252846555274369,0.0164582300944711,0.0186215452492964,0.0105895228791792,0.00891126930660903,0.01038051046912,0.00682325912696141,0.00411054803836657,0.00233591480974221,0.00373222744070369,0.0154092337841042,0.0165018682540052,0.0143446516627368,0.0185075662464378,0.0182713140335969,0.0153275218523814,0.00637625122106897,0.00387912286435967,0.00190618812855748,0.000992069275238344,0.00120340525307127,0.00129477316817029,0.0647251395436294,0.0867220254157149,0.0593421421081253,0.00899085360914023,0.0162715337076304,8.38008651049334e-05,0.00477647021901281,0.00489876108746188,0.00664943199177088,0.00728236458245615,0.00562948254232795,0.00440011701156816,0.024435813923414,0.0820334801215085,0.0767482074057318,0.0345545357162717,0.0185811170802711,0.0216907132199499,0.0209394748780058,0.0202806274833247,0.0268475212526402,0.0366157001332144,0.0385766806091391,0.0276544486944518,0.00401185009699836,0.00720560358744948,0.00391098557900575,0.00132318869185454,0.0010029562607258,0.00109184032222791,0.00084331200994154,0.000466857963640923,0.000745112491038979,0.00131471584445153,0.0019715878659499,0.00260118752885566
0.481279302889756,0.661222581874432,0.524625951741304,0.304388273173193,0.264427177159383,0.103508794144374,0.0499235732922237,0.0814027245895867,0.0471115174928058,0.0293899482584567,0.0289709449422437,0.0395470075962034,0.295526156066915,0.25527942575675,0.235252145793492,0.0707718894744796,0.0731803965037389,0.0156170010155613,0.0034103759666446,0.0103075080594182,0.021460604211643,0.0181543635436853,0.0100728965608324,0.0126821139753439,4.5888791207024,3.49080424651172,1.68196634065021,0.87866707297238,0.397567510414338,0.214255193442246,0.286329466197499,0.179140703657406,0.0936088897103177,0.0454757758900467,0.0878100831708208,0.108110519824542,3.42161247353476,5.35453461846164,2.68281950541649,2.94611519697984,1.67036943540651,0.925800284665797,0.861052903458241,0.291519474967823,0.57029211211314,0.595694688517476,0.512722631801837,0.257374060917166,7.53834501693437,6.04152860699691,1.99648934146836,0.599112694137716,0.943572596321136,0.683615515250543,0.352903214000297,0.176800450646353,0.0669774753576631,0.0583305226814353,0.0956197230387738,0.0741476089734356,1.93590711315155,2.41944498304894,1.16713482598345,1.62476892595064,0.643618961075398,0.524402093471118,0.343287773746915,0.453414757886471,0.339276563917077,0.27846827098257,0.265915914360581,0.203727704251763,0.813352128465364,0.227473539384434,1.46372959470567,2.21068497689543,1.00765414651993,0.697087448052141,1.30126379012167,1.2563740165895,0.71705504024729,0.509736806254283,0.349707240522539,0.291892720575141,0.916273984039708,0.591474030625229,0.225269448039249,0.329971494299356,0.145280894247343,0.0294019438836637,0.0719139040965686,0.115433320820508,0.0447618862629991,0.0494891457012955,0.0519957764828472,0.0690327394491576,0.16244022364943,0.384080076760753,0.160243152677011,0.122736222087717,0.0414443273105555,0.0452358620284527,0.0605455568356385,0.0309359373885229,0.0185247576893219,0.0154947487197233,0.00217974594147567,0.00802302776687361,3.50635544610479,3.38423893858849,1.80623273815755,0.728301540382636,0.429609289347452,0.11224795773986,0.0694482471936033,0.096441650269558,0.114622817527642,0.084830398342838,0.0335626526239766,0.0481533599213882,8.13173220109475,7.61107345730734,2.61477804916393,3.46764816063572,2.00280209632095,1.11126431033526,1.19875878977516,0.722256665391698,0.717432712274254,0.81995231953187,0.566057699496489,0.542455562732278,5.87019282246276,4.67865151917482,0.535262034862762,1.87621130701408,1.28662272133725,0.741072998689748,0.406993132215527,0.286827574314777,0.23959034899698,0.211960521916376,0.206128314528888,0.235075066736533,1.81401205841223,0.983617364908697,1.49703259421029,1.61371443306779,0.515178389929991,0.541898552421027,0.251892661741478,0.236155247492161,0.220043118602593,0.201440540101437,0.215578723228661,0.20138279067887,0.102734028554869,0.183005609949874,0.532836410930043,1.32313288525452,1.0523656266087,0.537223612713323,0.742830299873511,0.795166724362532,0.222996521860533,0.603740079152519,1.17877890601199,1.04961915088049,0.134745074703526,0.679590686731707,0.693860717096046,0.293351968398611,0.285649800330211,0.094799630382671,0.073402801775754,0.123428460549417,0.0892832584313148,0.114204282200907,0.097183993527627,0.120726599140784
0.102783286847798,0.443651108941831,0.228258711812004,0.03124284045144,0.201448965507109,0.0318252680106109,0.105532006783497,0.0627634361198532,0.0765943496672435,0.0286249378668531,0.0519768123665151,0.0655412839551749,0.148795009163353,0.504364795450319,0.114979839072368,0.0637796310203318,0.00258147482342183,0.0335630042386931,0.0339631975772779,0.0430127664987309,0.0112102634027095,0.00422800904618441,0.0255993494954614,0.014289616878703,15.1824535547111,10.3630378819669,3.94501585695018,1.29675949425583,0.691515505804799,0.524815347333914,0.383369017771083,0.124829602922713,0.260975532146595,0.243592735042745,0.0886555415493818,0.0813751995092915,29.5100504568092,28.3264231704717,10.1280107615162,5.00170855475992,5.0366654538871,3.09730569488055,3.04797996628977,2.19896800578742,1.52736957193809,1.35604425531589,0.957651792097521,0.670942979906373,40.1377536290256,25.0212988416259,3.26839427554068,1.55897295096206,2.23948203844597,1.2436257265539,0.733715590661394,0.491429388101694,0.442574928420232,0.374610283394994,0.501857858209164,0.336953375605144,33.3488346152798,26.0128165286157,5.59352205481985,0.509318353832855,0.952538619789423,1.27625027906086,0.757446315170121,0.744856717490623,0.520425606958167,0.126531058482088,0.329759111299209,0.605928180563953,19.094088510923,18.3501655573121,10.1512694512958,1.37717152853017,1.54075489100778,1.49631257216934,1.38257698350986,1.15338170655842,0.97963807978591,1.01917053005802,1.01896114488478,0.948588092163886,1.75936979980897,0.649466503688986,0.767964073754072,0.397727279704995,0.413846306991651,0.210889508912145,0.123443482799938,0.0360004502232945,0.0793538589522957,0.113738756581251,0.102387299588963,0.100591791568135,0.736649621920653,0.22056477497364,0.0658704233282811,0.0664058402652969,0.103202629298106,0.0340640428345886,0.063551180134309,0.0322622581605219,0.063145045659746,0.0665066890894766,0.0322632060724839,0.0300518195419198,11.0556973595275,7.15833156815833,3.21305791917577,1.36865074195767,0.535713202164167,0.368887310379459,0.276282086335955,0.208546244434599,0.162685665213379,0.0563916507374061,0.0835475003757687,0.17382695008085,33.8772341287259,28.8452038424631,8.94886524490104,5.45813235578118,4.14270027487918,3.04495970043897,2.57595910985009,1.5367782909873,1.6370863223591,1.17000878477011,0.668794553653013,0.84776604048913,36.1605947002797,25.5370275890522,3.01172276322173,2.85020525321922,3.21021162973295,2.00404803209845,1.44848296205907,1.50767401878221,1.08250104111499,0.350785352117279,0.221946559120299,0.479930086996074,36.8180519996957,26.0987896767423,5.07857402452961,0.523178375014958,0.949609190277144,0.879622018485716,0.720891589427552,0.696353763613626,0.707902717546631,0.388564675893794,0.134224586244698,0.2526856219432,17.240574703485,18.4786171946746,11.2178496979473,1.76381802936275,2.37871063843922,3.20207940735615,1.78051546584625,1.01491430663618,1.63626552614579,1.19425404261744,0.548910509610989,0.653049507996788,1.39602863541078,0.799303078032914,0.881446587074897,0.550816148482475,0.426211117647734,0.318168110798858,0.256834383880558,0.151284833544349,0.12656385438913,0.0484000478244465,0.0141732538202153,0.112007536353803
0.601049485658167,0.378406745678654,0.238309863643368,0.2213268764722,0.159276899417283,0.0669179800725733,0.0199953896315586,0.0337639290318603,0.0192210910971921,0.0182022969691359,0.0122065520663292,0.0134556939507098,0.278317731208013,0.237671272271201,0.116052739013855,0.029281834198375,0.0130906258494884,0.0065656058842771,0.0168016662621189,0.00346656315120989,0.01211361912469,0.014084506708824,0.0123121123172878,0.0160713661030335,2.9004417271506,1.89895938780683,1.48676691973944,0.80650255728142,0.175313620944561,0.0684458098120464,0.110782804823148,0.0723903668335211,0.0787694863618024,0.0718531638194431,0.00908891034594145,0.0308097997006808,12.1851871853453,9.41834269342404,2.5262859837521,1.46713135962647,1.8248730321913,1.34902133581595,0.8787482075237,0.542802323848625,0.506379318887736,0.496247049557107,0.322063005285276,0.314700220829039,4.98001379927049,4.01344356980019,1.70562985566888,0.319706821967163,0.153625131421269,0.149822365708894,0.185783268776342,0.0185317460482832,0.0807793007158349,0.0478712594293848,0.00351958635466721,0.0335481882407014,7.87791261985629,7.13039079768185,4.31352009539877,1.07503840610102,0.884834990625617,0.527396838607691,0.208514774973005,0.140702369407658,0.0224443137839363,0.0753146326536117,0.0818328974547488,0.150469925626743,1.90655636416792,1.41675981169685,1.27994887995459,1.748569339072,1.45158052803307,1.36606764175896,1.12790867951636,0.598663163008005,0.296843800780055,0.13065792490174,0.124130317205794,0.405846200333988,0.399048164344041,0.190870827362588,0.320700828708456,0.233385439561947,0.0823301207385283,0.0235432476612214,0.0313733791679305,0.0531179489088473,0.0142699233732054,0.0356210075213876,0.0304360397241765,0.020325321262439,0.781714384546886,0.383992034941013,0.0260876575958182,0.0394071362658866,0.015316967707671,0.0199820293207437,0.0318484478801907,0.0255557788353161,0.0124059542659236,0.00718859986386065,0.0133798057448863,0.00951867102418378,1.92695016131719,0.296537081516664,0.954969670025006,0.421579750654748,0.10295145538123,0.105650273079056,0.0727136147812001,0.0999019869614064,0.0427689696296956,0.0229301486677967,0.0754288884324486,0.0498466910438439,12.8855061878176,8.90292480806415,2.41300601688886,0.77825890705593,1.40768567133065,1.50329432641585,1.24580308494307,0.800909626794651,0.513354098279716,0.481936417815378,0.344414571080272,0.336441878267595,1.1468032622963,6.92222403926196,2.05746780852543,0.925096267661987,0.100908243273277,0.333804866440825,0.247749208445112,0.205974833060118,0.21288819479703,0.289697503498728,0.207773653561381,0.0753766162976896,10.6643684054819,8.38111140655539,3.10348873229125,0.370474664597515,0.760597906569659,0.331286807904862,0.0464879999491564,0.0310710137031375,0.0501750611830603,0.106917752168152,0.0739178121386914,0.0903886538668479,3.2607140183569,3.38962672734955,1.21500206516018,1.10965979737563,0.665485858617389,0.478468046764858,0.260323314152892,0.0996105722839051,0.109732347333653,0.242907849004227,0.425003977335977,0.686265032759025,0.864984277392856,0.291681803911018,0.576824934769155,0.210643542369494,0.125337557951635,0.042075090356365,0.0699884851678075,0.0499738410687997,0.0212607287750851,0.0348972828280745,0.0243920929529541,0.031670974071413
0.0119732359681973,0.0333101128953339,0.0416857498110819,0.0341952232304731,0.0382247025128128,0.0359895714704088,0.0306822062510244,0.0265698285525979,0.0219662524626875,0.0166612567212219,0.0132799116902651,0.0119872151864598,0.116506915377013,0.0655160060010025,0.00537861687449625,0.00729279004670807,0.00223446271089497,0.00348382794806377,0.00328604754051025,0.00230561107617422,0.00145506546829517,0.000818071840963264,0.000863326881755903,0.000507029688176953,0.161162637629566,0.106795432922487,0.0831226216695453,0.0592634490703955,0.0337809147315796,0.0241719021041779,0.0181596531078313,0.0213381355353192,0.0164311883865091,0.0183175123450105,0.022672669199858,0.0240020427292557,0.0335556337571463,0.0295720718236145,0.0217885344869799,0.0132272462211571,0.00634559687190344,0.00572212216368517,0.0073750789929606,0.00873172614638108,0.00775770265399267,0.00207882901817211,0.00554326893731635,0.0104167535373027,0.00114018791245091,0.000588070963723288,0.00108150430175182,0.000797705842295683,0.000508711933667242,2.78482351434387e-05,0.000260828785125022,0.000146147338417631,0.000449056005739765,0.000962223631972182,0.00126433644780508,0.00117577713676408,0.000746991999639324,0.00151441531345609,0.00213078923830421,0.000584793700473261,0.000779801940985332,0.000639077735905947,0.000168123147382333,0.000227756019592469,3.78269259653549e-05,0.000250210451759688,0.000246762701421265,5.18799403686253e-05,0.0241706242448474,0.0266100752950113,0.0186446101779744,0.0113309275181996,0.0161329956528086,0.0149848882395353,0.00904312187539048,0.00859670577860618,0.00670088177972956,0.00507978865352659,0.00589276375645173,0.00493185999000441,0.0186840415204778,0.0380842657444447,0.0478320430554025,0.0422390146526841,0.0511716102832625,0.0500944726887874,0.0431057193889603,0.0337623007426665,0.0252751748317146,0.0196402802233492,0.0166177045397904,0.0139824330534744,0.111983267803105,0.0729693981676152,0.00575814981726293,0.0072834461916067,0.00503543853849573,0.00576701723593749,0.00288956337561432,0.00255223080203902,0.0016398873538742,0.00205789072009537,0.00102142209414056,0.0015184743837484,0.161214706375996,0.102744627164761,0.0598135151713902,0.0378076200455443,0.0397906822556973,0.0418632285874856,0.0385219310272633,0.036392771246198,0.025705341084038,0.0149653055903617,0.0121826969537493,0.0100804261338838,0.0450677259675729,0.0353202243841347,0.0227665328892819,0.0115044391973138,0.0101518738957702,0.0126655657094106,0.00136910410183251,0.0138579830602519,0.0127684603903719,0.00575187104866071,0.00842217117364574,0.00586270368429295,0.00202942829414653,0.000192030383725035,0.000723867686926038,0.000317193864429396,0.000396200162261767,0.000505769985234217,0.00047831463327526,0.000507859027924079,0.000705840682204143,0.000207865591295193,0.000539175188419328,0.000582596478952393,0.0017457238588207,0.00135309513366085,0.00103263259604857,0.000359817635610845,0.000602069078660879,0.000130257034735307,0.000262704149878536,0.000334137599613378,0.000422105677893899,5.92348590306385e-05,0.000209797598483128,0.000147619552316835,0.0161485170577607,0.0193728482558288,0.0152103326243142,0.00702009061743337,0.00775732175140631,0.00684611239097554,0.00329663793139501,0.0044731144279928,0.00479710349386267,0.00367466393143173,0.00233412783094057,0.00341260130277514,0.0169344533200035,0.0406656250976339,0.0437794018340528,0.0281056099539083,0.0355742152078323,0.0385922490859085,0.0372810287380981,0.0331329893684828,0.0274407595377705,0.0232836785009799,0.0187576706046537,0.0165284266748423
0.0453566716049586,0.026369624960992,0.0114760039223181,0.00733805547253001,0.0141730394214884,0.0119424088016811,0.00676801712900029,0.00231215128293035,0.000793146329672035,0.00159539771211735,0.00186247856090094,0.00307026653027804,0.0351389088947196,0.0264493620424553,0.0148665932649404,0.0043054621606916,0.000417123524257372,0.00219205321313425,0.00242940498647933,0.00111993390829285,0.000462132275621432,0.000591992873798752,0.000506940912964145,0.000630618116958259,0.000878071066813937,0.00357035759543814,0.0305643547387759,0.049234782905513,0.0386789011642706,0.0179674978986414,0.0158216761700467,0.00834317872025141,0.0116312633876833,0.0164892571766602,0.013515083883033,0.0107221690888871,0.0145598762395902,0.0105691744894027,0.0100255544638257,0.0303022636132399,0.0366958540400734,0.0310457521033122,0.0219078758077884,0.0145542189414698,0.0144733220887118,0.0152483334440164,0.0126284047451277,0.0103931089335326,0.0206774483463278,0.00955750195382488,0.00248184142838043,0.00229932947233715,0.00101554996649011,0.00134111844101891,0.000613087152775452,0.000131859532826616,0.000310345361955755,0.000502687219657766,0.0004601951750877,0.000846491227732588,0.0131265954335751,0.0068193584565337,0.00193258133977289,0.00238554248101831,0.000696639492179174,0.00053365553204085,0.000774291396042854,0.00112151349662848,0.000631570271637087,8.80018971706398e-05,0.000129813731479255,0.000707413181239451,0.0145171129546382,0.00894176355261884,0.0108073444696751,0.0096358887828236,0.00518831691406864,0.00511840366712593,0.00408947107997492,0.00159157060172882,0.00209274365287717,0.00156714885619745,0.00138816409635865,0.0016916685960156,0.0382004339497782,0.0225193412027159,0.0135573736999999,0.0112467591957544,0.0104189126621098,0.0123228520410253,0.00918359345256934,0.0061329266658096,0.00474327409621991,0.0036939819632714,0.00304805372584135,0.00163004796337006,0.0285697106171946,0.016400978600373,0.00944362404157634,0.00637374353670112,0.00208258548382175,0.00235814704381953,0.00345648639231952,0.00203231216404977,0.00206670045871152,0.000328646961943787,0.000644950328939089,0.000465481984765322,0.00657374870693427,0.0140212264136243,0.0180602699828292,0.0267788160863324,0.028843863547901,0.0165282176927228,0.00913115299483526,0.0122942671032507,0.00838714958693462,0.0086268694824885,0.0078757913305353,0.00930096144936658,0.00542799438827167,0.0175747678747945,0.0227690875089239,0.0397018873877876,0.0429778325984883,0.0337059851166536,0.0230881052322356,0.0130279860989559,0.00586677900406495,0.00491835558842944,0.0029880526077593,0.00673413843868182,0.0169947850145793,0.00807520455804746,0.000921986051896071,0.00159791345933004,0.00205029161799073,0.00259965146776292,0.0020358261448104,4.116905760712e-05,0.000991012357345077,0.00094002142179958,0.000454566544739378,0.000147186976921264,0.0124085960402166,0.00614528300702618,0.00194330851313074,0.00151256893990527,0.000622737539308941,0.00035990244013758,0.000288909221039345,0.000907260469695707,0.000331978455441008,0.000239027319682339,0.000137172735816978,0.000339158347171396,0.0111778442659571,0.00544356646604824,0.00967708843706064,0.0102019212583854,0.00330279390472595,0.00118885344343103,0.00360095273983017,0.00340661210315088,0.00279064286346307,0.00331328373139153,0.00300318265355085,0.00139716687638999,0.0292835779315807,0.0192041447677861,0.0176592414500163,0.017387301619143,0.0177899299312105,0.0177246904722046,0.0146890433943535,0.00801166766282728,0.00343324745704626,0.00502762301484204,0.00468224689788033,0.00143905506591379
0.0133396871092573,0.0321050684714185,0.0297934983618868,0.0257843371313831,0.0274144542804242,0.0214153299871488,0.0169477233963469,0.0150112099359487,0.0127420647447874,0.00933167086104869,0.0066184347850515,0.0051964014725549,0.0175230982861748,0.0432343302833222,0.0252113994874205,0.00427416927905284,0.00218249347693985,0.00104441939780319,0.00155936744474249,0.00164844044045191,0.00160160770069111,0.000451597595021488,0.000721843930829992,0.000799755275431044,0.089262951207857,0.114983815294258,0.110944072859535,0.0706529293249038,0.0471788993920722,0.0340085607196274,0.0270353436555243,0.0235319824984136,0.0250528322265268,0.0290361714594416,0.029217989614857,0.0280422258990888,0.0211247753693179,0.0184936547089756,0.0105495860256927,0.00477200045403705,0.00283290231811648,0.00447010459514174,0.00197337440888337,0.00934489960442282,0.0126683584578351,0.00751689119998784,0.00354556705710319,0.0124542880515938,0.000778072414522652,0.00103124369182708,0.000633415597885638,0.000517345579710897,0.000760627988792594,0.000668488990249817,0.000483520523753852,0.000901742800341399,0.000449149407521663,0.000311546294869423,0.00044554474167224,0.000356672583112446,0.00232411842365128,0.00245560958248196,0.00326987312085668,0.000610627616370606,0.000318972292779889,0.000521305309171144,0.00073996474311129,0.000752206103443881,0.000563100826666796,0.000118499869003477,0.000460657526182249,0.000510812994219756,0.0502792038101331,0.0321237112940757,0.00923548896758188,0.00756798692043097,0.00911151081631331,0.00289058521991963,0.00618964800257145,0.00673461183131948,0.00407114775525428,0.0012688083243076,0.000460115398228672,0.00128199723001024,0.0156513730028303,0.036563336176669,0.0306039188298521,0.0278982081703984,0.0290190358478585,0.0233715705911387,0.0201848650674314,0.0165989477749019,0.0110312812553104,0.00634434021313799,0.00448949760950883,0.00480140427831075,0.0205653160148359,0.0409719564050821,0.0256769134004232,0.00182723638772343,0.00450115750833671,0.00354953920731206,0.00455686265636554,0.00134439544209504,0.000525488231762392,0.00113178484854844,0.000554058287865686,0.000651306893553894,0.0898554063815641,0.113621181849471,0.102606677375166,0.056664675917811,0.0326849590601922,0.0277315822831001,0.0224304704864985,0.0212640520945848,0.0197187410274097,0.0184961187277774,0.0196678208699318,0.0179520146490514,0.025365216019028,0.026179574277322,0.0154391923800439,0.00512291597611401,0.00557286782439463,0.00260846478570587,0.00732913051548892,0.010150123535421,0.00465414952552678,0.00599419426310665,0.0106968422280964,0.013790265263661,0.000243777052401173,0.000838674072936742,0.000521900750074103,0.000200636135566081,0.000629638468533721,0.000390069993573294,0.000434886568488617,0.000157540030564231,0.0003926797379897,0.000594963881133491,0.000207274092738497,0.000379062735476952,0.000138746874866302,0.0020085371569351,0.00205817609368716,0.00102491620263409,0.000423687798420456,0.000330670013029336,0.000118553878656717,0.000462741316708491,0.000139041502179234,8.6878095485082e-05,0.000457976590975343,0.000344296428335486,0.0440886007642559,0.0290256038950695,0.0086304604508799,0.00618110544941576,0.00725766610187186,0.0035431911348236,0.00195413049199804,0.00345400577370626,0.00376422713509293,0.00142050114389196,0.000466251781734581,0.000522214533378252,0.02590957858009,0.0394181226368991,0.0266314685729683,0.0246909147651231,0.0272108984456135,0.0214579906458373,0.0167233409681402,0.0166942923095728,0.0139373912293018,0.00964891491079596,0.00618035676576996,0.00419113116639753
1.15205540423634,7.63913428882936,5.7602643466644,3.21294134508336,2.57604878412501,1.37297021705409,0.595765574722725,0.141688496750557,0.213325385913258,0.244022934543139,0.200737497777,0.260526849621,0.805844548616491,3.57733140613249,0.816942316427178,1.37069850051782,0.382996038453187,0.10598174567579,0.0714484385712107,0.0864083603262717,0.0376689445954766,0.140388614177049,0.0210566830709633,0.0619939650427516,0.505065968632016,4.56423899403395,5.26060451548686,2.28296382659213,1.23828502267266,1.36480627636583,0.391631214754089,0.334497381069056,1.49845270512287,2.39975303368131,2.38378188395508,2.31481850742319,1.22935143138454,2.06139499356759,0.627030825148392,2.14180296990076,2.65793438369046,2.13457160168502,1.61319304444608,1.19915459388308,1.36946334000877,1.26942420403041,0.648866843457995,1.00575119825371,0.410326622479135,0.975907264799509,0.983385064720956,0.762372154553801,0.220625294722873,0.326654580035917,0.214386671795201,0.139877619047651,0.0809201892634844,0.0375951796976197,0.115236874755366,0.0486783558127689,1.0200208337042,1.21423118692748,1.56531369717437,1.09668112829586,0.12259604965159,0.0829826439980336,0.174538238916065,0.0998447974454485,0.148264701716188,0.0309609104076469,0.0589532571527594,0.0899034039142865,4.70032885787467,3.15724303325504,1.20576635754591,0.487391421416563,0.501137008500711,0.840287389414843,0.723826719908949,0.314010660594272,0.209839700430424,0.101165670189139,0.225334167820985,0.160801331152464,2.71132233027943,6.34487575248725,4.76732947872512,2.1034724259099,1.2374220112026,1.26281556291894,0.938497808440482,0.60038417311998,0.52599009848593,0.355322005292873,0.283648275190842,0.208604396604947,2.0566390932649,4.00709956331034,0.492362530905205,0.925740181672606,0.149167882400095,0.202570578015431,0.384623035585979,0.146491806620369,0.133665957080354,0.0461767854428792,0.0377338308272395,0.063948433261901,0.153078322773903,5.91470483210167,5.60729972600074,1.4876392940855,1.68797222516124,1.27771297806774,1.17984790571952,1.16958462343977,0.723659646566211,0.758799557987216,1.01007607811088,0.998611840938123,0.0434024250841073,1.58827792011434,0.913900382977107,2.14348681073002,2.55531074112026,2.08113325624726,1.60388373269827,0.865801825346254,0.13557168789294,0.186443904603234,0.278982257366239,0.762992442239117,0.077752605391501,0.754369419690926,0.666634646895239,0.442112704578925,0.199115531621227,0.240054356305735,0.166794991953645,0.0433073654891657,0.117456726261035,0.121181026412601,0.0832212094634024,0.0868336794765119,0.859914809996466,0.852182130303502,1.181202895122,0.87458298789253,0.0792742401414619,0.0641734906321454,0.0287151461910237,0.0770562969061475,0.0561126888883653,0.0459540680679757,0.0297895471689591,0.0247405755628477,2.25191518358614,1.56181914746395,0.696294035533951,0.982254906545259,0.322915654129197,0.253580226100368,0.560449527766649,0.263500406098861,0.166198048673778,0.129696704464615,0.0635658621968903,0.0155436349978165,5.8817702605525,6.76662619406903,5.56642392248811,3.28223083647872,2.74108063883457,2.08237107407097,1.39064762564828,0.559267543543327,0.347812316421833,0.206352322700081,0.113432773037265,0.261705635353546
12.404185172955,24.8583498171196,7.95593370152317,6.08892829881709,5.66433429963724,3.57338097732733,2.42507153351437,2.14744404620227,1.10593379340127,0.997634846857363,0.935691028569835,0.452481336690254,46.8916404781758,24.2134080268187,1.549781632603,1.05468728427095,0.478813267194787,0.287489501009751,0.184979796603931,0.18970545744993,0.125570883516328,0.0610259449565388,0.0956959573620606,0.0736714801192398,1.36652384129365,19.7335647130072,8.80424981211835,3.00963449713601,2.57491392388735,2.72084025325273,2.39602682307909,2.6986330231187,1.91016305089937,1.61278394901895,1.45013575025405,0.895211033036339,9.0107556820506,6.95951210482099,3.83017643937823,1.9105215799264,0.933629454277215,0.320033801741124,0.48521934860649,0.666028425386672,0.522123485693964,0.116000542634932,0.432524918184956,0.407512587967314,0.366793324372404,0.15936882866395,0.250939546305204,0.17209973456696,0.0959090227133088,0.0803745011340635,0.0491841157598892,0.0617132555257878,0.0354766512120359,0.0607033430798536,0.0825644025871849,0.0674899668353,3.4975962772716,1.84000784264,0.45867083882454,0.216042938890152,0.284102450550222,0.161177385480899,0.167807471376732,0.175724897955672,0.105612607200861,0.143234104074285,0.0660085923876685,0.115528627436944,33.2175493878254,22.6789947661695,6.26579946325073,2.60761605952179,1.79783052003594,0.609485665697107,1.00118516495499,0.115365939800067,0.395797805211628,0.280719846101435,0.0736996126509096,0.254818985643937,7.76702261038099,26.6525475578095,10.9428318841508,7.44907254863018,6.29705519326899,3.93709166512668,3.43152472333549,1.89694389248197,1.3929296308453,1.1920696826949,0.586830665053672,0.841950491813573,49.0537418305071,23.7362638439482,0.327085339846929,0.468073060029552,0.372496489145788,0.168636243652348,0.0843835554691743,0.077394692870374,0.168988823176745,0.0868171956977628,0.0235681206779675,0.0767333650088835,7.1351889963821,23.6588940367805,10.7626793015914,3.25702972530221,2.0060776752858,1.80910523525882,1.75785454875258,1.45085935504633,1.54350840631881,1.07492350510491,0.869290757672529,0.78755651443316,12.7790413969008,9.90260767371756,4.71694358125838,1.69750612603602,1.44527415559731,0.681066082345865,0.451690083946978,0.693608067734166,0.273775471331475,0.395859020409849,0.511806693675764,0.212435399255676,0.488526979432525,0.152973932477677,0.247606159832088,0.0388400871403855,0.0444914091959266,0.0223160938837787,0.0154094298312174,0.0358007307005366,0.0762911579158276,0.091859876626561,0.070040754840679,0.0802490261182332,2.25157875190503,1.10548704218273,0.185894277597271,0.2368105692796,0.222741495401818,0.0636145116742224,0.157184953273784,0.063266046615026,0.101519126917435,0.0871314753429409,0.0748313056250738,0.0734945388541548,29.0703497829978,19.6858276341276,6.33426526486981,2.07700095299725,1.46702521222512,0.210087764309563,0.629955126907992,0.322151327682014,0.14595080333439,0.308965769612724,0.10624550689589,0.137576666783183,3.94075222771773,25.276456104233,10.9199198971512,6.19329940361989,5.09382732621417,3.70780648528466,2.93688198879782,1.84191213819689,1.54647480349625,0.935339355137839,1.0395276554503,0.583543547302639
5.04903611480728,8.12898012839031,5.77621263117361,2.31085919788936,0.446042241449863,0.358611579795012,0.229723396398156,0.0979392751980228,0.174563896024095,0.222397015240184,0.124234247141369,0.190504907181667,11.1009473879453,6.2433544782506,1.4942630717378,1.20691935485746,0.299192312100911,0.054279521638937,0.109526364949221,0.0872398472515425,0.0245202731237878,0.0199160911139565,0.0304278628895338,0.0287488549417246,0.710327231430581,4.00558400836166,5.24424526491882,4.0029294200326,3.13817739766994,2.16757483980505,1.10676410532829,0.824100155853996,0.803751658965822,0.521031069975171,0.284854031144568,0.200285420265796,0.374804017048653,0.852912240206684,0.409425384826068,0.491643707253631,0.494716575643507,0.847150044701816,0.715894089830657,0.266084034452205,0.0836109721475512,0.219451877350758,0.218670011423188,0.172366909257232,1.92780488911107,1.40411949447403,0.624923952055835,0.253515987387335,0.185095024710498,0.141148191884863,0.0753246764113162,0.0548879909144265,0.0759669644019256,0.106697907495312,0.0999098434344902,0.0722712163389573,0.634722783982206,0.224285857658833,0.200739164604152,0.0795303278384605,0.0449152873503442,0.0444584638327343,0.0825936699854694,0.0918568729483725,0.0414207542962191,0.00530551101444181,0.0246018267548273,0.0221010417683057,3.62905203229021,1.55160361718706,0.174978891974621,0.588327385205832,0.141624407462276,0.269240527067531,0.281431759899385,0.210155285490894,0.0953542731651205,0.0114894485000214,0.0701118187642526,0.0398522581434824,5.26634382527271,7.73566406715943,5.51016236453579,2.14790020023983,0.441385146229529,0.212901019913465,0.206663552309633,0.217325986545357,0.419567013259413,0.318172939444466,0.25534516243036,0.215761656848759,8.78356201424103,5.21813371994782,1.10323477686444,1.77652676543638,0.267415373047978,0.127503580670022,0.0209835279956401,0.149826735058293,0.0661112260475302,0.048317626937812,0.0818881127601155,0.0464883824166526,4.75271640567847,1.55492316125791,1.40571858055101,0.913621495343951,1.64633824672017,1.33842179492147,1.06485810397763,0.560993126254039,0.399908786123019,0.31392720943743,0.255024679482781,0.213774009130981,0.526713458633029,1.50108675185372,0.903098286741384,0.453328555622389,0.572064271063662,0.971756474906941,0.707438830121789,0.215653793762222,0.471002133575836,0.348865667274955,0.159405205952625,0.0749005861998389,1.71084941121048,1.16991042427396,0.531227421028696,0.216302961238524,0.136256156246072,0.120452388127884,0.0697611309011462,0.0691336505854173,0.0807020553200009,0.0816386110782181,0.0276423455579621,0.0442882476884576,0.781570853846582,0.252647249980548,0.126872989408616,0.110225601192242,0.162771708394557,0.0978847185628641,0.0571184334947093,0.0444454913849362,0.0236169860285098,0.0126647903066108,0.0142957060248858,0.0163989522793927,3.66651788037546,1.91970772335789,0.449541084884143,0.364293859424719,0.25914911651348,0.181938472235207,0.165408436303818,0.0912131042122634,0.160888781477056,0.143519362745273,0.0639691762165294,0.0481012486400559,6.1218972172328,6.92860882458776,4.59076157806791,2.28049419151478,0.673031954077444,0.139801943153383,0.28875618082287,0.0269724108793974,0.265102280647461,0.372801397460717,0.214377943587997,0.175378551944538
