2,0,0,0,0,0,0,0,0,0,0,0,0,0,0,0,0,0,0,0,0,0,0,0,0,0,0,0,0,0,0,0,0,0,0,0,0,0,0,0,0,0,0,0,0,0,0,0,0,0,0,0,0,0,0,0,0,0,0,0,0,0,0,0,0,0,0,0,0,0,0,0,0,0,0,0,0,0,0,0,0,0,0,0,0,0,0,0,0,0,0,0,0,0,0,0,0,0,0,0,0,0,0,0,0,0,0,0,0,0,0,0,0,0,0,0,0,0,0,0,0,0,0,0,0,0,0,0,0,0,0,0,0,0,0,0,0,0,0,0,0,0,0,0,0,0,0,0,0,0,0,0,0,0,0,0,0,0,0,0,0,0,0,0,0,0,0,0,0,0,0,0,0,0,0,0,0,0,0,0
0.0247687444061663,0.0375035454979029,0.0493024281681256,0.0246966648296823,0.066066637887149,0.069821988292438,0.0690350514107205,0.0554428665556645,0.0400377894211312,0.031104378469358,0.0286855506499862,0.0283197903134039,0.124080786203121,0.0726141628326279,0.000910924376980597,0.000785905958952526,0.00897887644585187,0.00516677446696345,0.00573758304187946,0.00146693004561372,0.00121427193676075,0.0028936416019533,0.000744267855248694,0.000735991054375527,0.121915436151232,0.0497401618976292,0.0767938394402543,0.0832233594667126,0.075550838804177,0.0643962086466636,0.0605708779836191,0.0584552492215301,0.0442266472380515,0.0306770524722271,0.0266892990831602,0.0335475066011708,0.0403017738789049,0.0464902414246391,0.0380960955753355,0.0294155158901914,0.0162765433903006,0.00547998073082677,0.0152899436874404,0.0228208388925741,0.0278058197639599,0.0274607990119878,0.0206458132289323,0.0133520798213767,0.0111173660660308,0.00428980722058942,0.00135227778249891,0.000606009433402035,0.000572588744370211,0.000322878492826347,0.000672846124995397,0.00059439513177569,0.00019099657306013,0.000168153753364512,0.000630027207302098,0.000515021202477623,0.0186374649010474,0.00576660192320158,0.00462845710087282,0.0010259007009904,0.000757014861069986,0.000660385299733997,0.000914077492685685,0.000145136154128845,0.000858783453574682,0.000426261101820101,0.000375763264303762,0.0007547584912414,0.0288986668729284,0.0519240572899518,0.0574374100663563,0.0412141794527727,0.0560870198959011,0.0677086036856372,0.0619706696718478,0.0462984770839912,0.0282861308665319,0.0204106632920536,0.0254925336215021,0.0289537312788329,0.0202161577809387,0.0353946824951278,0.0376819622969937,0.0322072955931486,0.0321755148963455,0.0249714568263043,0.02651931275038,0.0237354618611168,0.0177595200598984,0.0144760964734338,0.0129136778859942,0.0124386524870255,0.131521912044249,0.0737587024532508,0.0144545132803571,0.00530934066925444,0.0169304265559873,0.00549209342526796,0.00157249934124637,0.00331014732705886,0.00102357300191143,0.000362932171720376,0.00192836854224965,0.00206178883103525,0.0950933814252828,0.0258525050818928,0.0661004879301108,0.0835910092473001,0.0788351301593093,0.0644642339227983,0.0580570435509759,0.0575656980279373,0.05463096306887,0.0470873650342287,0.0384966497621737,0.0321982284512409,0.0136566955967901,0.0226329691429405,0.00916182572213289,0.0040431295393747,0.00312128803452025,0.00130888540474481,0.0032639087226498,0.00549722379928011,0.00722020659104687,0.010063390613075,0.00709747513426601,0.00398235603273212,0.0127699785623103,0.0049489456867456,0.00193282329619759,0.00190874575046215,0.000893317039109476,0.000453072670043464,0.00165254459525267,0.000473122858817102,0.00066783272038233,0.000908978055849098,0.00039814094271665,0.000904058153102412,0.0174106333975254,0.0164485166903998,0.0168288303214306,0.00978073963611586,0.00292688802418491,0.00420243842876737,0.00416337696881937,0.00251835681675771,0.00433804731872329,0.00141545116843426,0.00115015709229002,0.00242847362749508,0.0287344227826802,0.0443800985108662,0.0458244617313488,0.0254645017946809,0.0604488112353221,0.0718029635964803,0.0666511669980982,0.0518619624190077,0.0361276612826455,0.0298609031083593,0.0323455616181551,0.0313266479711402,0.0483456727396367,0.0469824128182907,0.0186807812877908,0.0180831108180333,0.00759938368628746,0.00737042433726482,0.00820395841618305,0.00558611765895436,0.00504336845079309,0.004606694329097,0.0039245038455909,0.00284736303498341
0.0510199691547606,0.0524591562206584,0.0179641065768973,0.0163638028647449,0.0194914440850896,0.0200531781174215,0.016852770005655,0.0142477377263489,0.00858988223768852,0.00583298106779142,0.00497901009114422,0.00621678106869529,0.0335104102803047,0.0251506559360413,0.0179991515974688,0.0047927725392784,0.00670897756034612,0.00387135062550459,0.00597582258812155,0.00429484415355382,0.00180595505946431,0.00325246170941234,0.0045949467562381,0.00287451964818973,0.0853848160975558,0.0629839260680041,0.0374642933019621,0.044328226081086,0.0544766122285112,0.0641479250748904,0.0540446318723373,0.0424001543877707,0.0298569907035939,0.0303710968987799,0.0379315330269491,0.0446980290056082,0.0588798432375845,0.0306690530040188,0.0131322354127806,0.0091279117539566,0.0185196925050917,0.0225382803651083,0.0195534599193043,0.0121192977578204,0.0107124882412701,0.0133364670294823,0.02254950418583,0.0324032446134755,0.00819829065583103,0.00396752529731588,0.00128144812752059,0.00130365020556622,0.00072962848122062,0.00257546008416371,0.00503939058869311,0.00506917607769318,0.00439440037777971,0.00179835118851949,0.00127055252911164,0.00199258960408281,0.00904052790839323,0.00586704173727901,0.00334007203720288,0.00367648514684002,0.00436649174273789,0.00260571118956361,0.00296525282299662,0.00350787028505105,0.00302313977219889,0.00253926359555058,0.00149560364784519,0.000766227837812025,0.0514407862092416,0.0485982779978205,0.0221667823746735,0.0116326651050046,0.0150854320195583,0.0153763721729583,0.0060491012096373,0.00982555675509721,0.0135966846611163,0.00357389794659662,0.00272888146072567,0.00311841328995778,3.19246246197156e-06,0.0494206734498569,0.024619448176832,0.0171281480741987,0.0208529067700018,0.013752885490771,0.0136122715693917,0.0109021901490375,0.00504122330501483,0.00291347852888736,0.00246782681227841,0.0031168643118868,0.0526889362921756,0.0281391164583448,0.00605179194888569,0.00565118147339582,0.000678668924639802,0.00418698486539244,0.00474056562154541,0.0039870964668166,0.00352801092056704,0.007726624593651,0.00424376198591118,0.00463190627978622,0.121885746328644,0.101400513026005,0.0940927928621121,0.0920267759871196,0.0867137948601487,0.0835831009374823,0.0716696293589837,0.0504006431680625,0.0291390358449435,0.00328143631058432,0.0213996835919814,0.0341576139551256,0.0381357023018058,0.0138523949409333,0.00514641658388422,0.00653576543106169,0.00660075208648903,0.00601297770809713,0.00832489799890529,0.0059307276620919,0.00759170463274323,0.00564618242434557,0.0105308407743498,0.0141608825098698,0.00610277319868388,0.00160388508686153,0.00161236125259811,0.00101596476694408,0.00109179191485451,0.00103890453021725,0.00321517183852174,0.00435643011845372,0.00399481743875732,0.00213335440995391,0.000826704850867975,0.00281109704794891,0.00412148384411505,0.0126531595436111,0.00849268335107829,0.00496718663674477,0.00321854035848218,0.00174249575381075,0.00498502621035305,0.00635030308900359,0.00395270803391768,0.0022287162348787,0.00216009435538585,0.00301520493009963,0.0703212933806877,0.0593625849301438,0.0186553972669315,0.012651878504157,0.0200862414547935,0.0204059100008336,0.0093468359476539,0.00782269346967887,0.0123448022527146,0.00795909202902732,0.00503052255060373,0.00473010278437667,0.0223943593409944,0.0313460264892766,0.0148956928185549,0.00869972912573726,0.0125143264425544,0.00824013144861003,0.00515127043417471,0.00346953710123528,0.00340876846209747,0.00171917015094194,0.000652569173925416,0.000541770909657451
0.0553900764128834,0.0553924086893286,0.0421853094302666,0.0308131307568304,0.0321404023595309,0.025850374320537,0.0204745155891622,0.0188540846372299,0.0171028393632158,0.0142450266637722,0.0110033400737351,0.00630763050654747,0.0216119250479037,0.0199827867216454,0.0145646731968121,0.00333285469613038,0.00636826126234145,0.00409848752367631,0.0050437573118777,0.00345757512428531,0.00202291363569431,0.00407451150987506,0.0048088600732173,0.00307958158370409,0.0920765204194532,0.0961269577953698,0.0588003832608599,0.015829825860015,0.0153921611848617,0.0253827278046016,0.0260311651434565,0.0245968043296109,0.0333984014911323,0.0338384172700913,0.0360080863836957,0.0381818824729264,0.0193718744694986,0.019611488049755,0.0164048655691812,0.0106875537837757,0.00726276749450246,0.00434518502268132,0.00531916902668231,0.00369978994843921,0.00920423523524583,0.0113731753246673,0.0139313316669423,0.018435193112255,0.000190104162966589,0.000245620257588883,0.00166317773426069,0.00202685531573514,0.00174348248897386,0.00285166390345581,0.00440333535248798,0.00423713229217722,0.00328894323429747,0.00121243336485415,0.00145525343647247,0.00200164939828639,0.00790807812497677,0.00794648708790511,0.00169402013823965,0.00153073803348054,0.00212245543872352,0.00169307276306907,0.00253999177905838,0.00311554392026479,0.0026516243766916,0.00259214865980828,0.00163061164699673,0.000582979362989961,0.0762111690963314,0.051508991403808,0.0149714318674253,0.0050915637545801,0.0118727131202143,0.0193116266162303,0.0184455292795277,0.0144516025943501,0.0034955527025034,0.00808402993673152,0.006943581010441,0.0101846102984631,0.00658752193074151,0.0300917981604864,0.0213408275328514,0.0241875684143072,0.0198517015908663,0.0122178717069466,0.00800392666119635,0.00701695371666023,0.00687792399170868,0.00550403240934599,0.00451624136554053,0.00392172107757758,0.0537296503170824,0.0304667189232979,0.0227753826844311,0.0141251601911121,0.0112338881147351,0.0100367995261166,0.00595734752020531,0.00303246635206291,0.00496843613556951,0.00512380237309321,0.00457305310936319,0.00480860911125623,0.0517968062160183,0.0712079484770102,0.0488103266622118,0.00856228126021022,0.0127409515018036,0.0219179803539213,0.0227948183321055,0.0172767292985309,0.0212656984618998,0.0229731014832965,0.0244163632032416,0.0296210781064653,0.0110727042606743,0.00951208725995961,0.00482344079369421,0.0026075022457505,0.00430681017477862,0.00248879773424675,0.0033297254743287,0.00241721269526947,0.00483652111599766,0.00239052625258732,0.000275439445431374,0.00605533087337221,0.00114510720947145,0.000158026038296543,0.00288405925171137,0.00314321718156623,0.00183899647531053,0.000554766410473189,0.00241603739126834,0.00354892204483539,0.00402051851422388,0.00251426857728096,0.00130215884319802,0.00226831184111518,0.0213965655915258,0.0163286745146323,0.00552383423785029,0.00391687435305668,0.00471434392439132,0.00283844066328248,0.00434563517619584,0.00551097761512319,0.00333326236404435,0.00230160058305493,0.00267970948567107,0.00269744907251259,0.0760427763049959,0.0546739279906826,0.0222570285921959,0.0192968147623039,0.0226547967994187,0.0263348525867027,0.023713338579449,0.0154261786475716,0.00722936906543079,0.00901524296577495,0.0108505099136086,0.00900341914090998,0.00710071260626457,0.0150860006193074,0.00741647265561712,0.0156176225579309,0.00669289372316101,0.00360243134378007,0.00328109713079624,0.00116594247978131,0.0016644732994925,0.00161660077878279,0.00177908390812601,0.00204866388480157
0.372847496240785,3.20062151867015,4.09639158533534,4.24449303924722,4.34998815261569,3.62968837414272,2.36701380822383,1.22196719244059,0.268858611442526,0.285441422598763,0.348776097612478,0.0661645722552299,5.80305093987295,4.73412680632319,2.71577853899326,1.67946118093441,0.986235296504721,0.419178620478577,1.01032559222896,0.417774559480448,0.821688325211592,0.833526035923975,0.723791728597148,0.481413320423296,7.96771125493806,8.87438288070111,5.97490094413998,5.83518867571356,3.87848160999911,4.12705374975377,2.96383124246553,2.03708529014047,3.49411905515411,3.22051043046725,3.10700288119938,3.9305347016956,1.41327351282518,5.95161443791961,1.53931159439786,2.22035599796843,0.730055739310769,0.314708598071921,1.43736302103131,0.660213636886066,0.792210421030473,0.8394325556402,1.48293793424034,2.44269534073975,5.24383405343333,4.2801795124101,1.49730489809363,1.09017637430812,0.746832202308826,1.06365770974003,1.50459886799525,1.28622754483274,0.90957578703485,0.332886231791985,0.250600014713656,0.366926196361432,3.42536419185905,2.26847473977692,1.22977252959318,1.51747020821317,1.66748146118396,0.976167858356164,0.952137759495591,0.947604491088928,0.652461857842899,0.436423259541141,0.244034501881649,0.151779811611823,5.00116792786052,4.6190794745479,4.33604323447799,2.09970355063024,2.3175811298876,2.56216292975989,2.29252312462127,1.01755290087884,0.982921439355069,0.358732428244901,0.74857642149375,0.656426084576462,8.24089186575341,4.5447208315722,1.66889352094108,2.45239416624447,2.64749016108643,1.95245061375081,1.73605100463272,1.07052471979875,0.450450159538436,0.133204837083822,0.178213224057029,0.0490162979352196,9.08455092144534,8.12231671095694,1.64652720227332,0.687673503193553,1.20550083724982,1.26677338418588,1.53702142699646,0.913668585530865,1.01017751781786,1.1289703790599,0.613645787125726,0.839044665914909,13.4617961740722,14.071076602542,10.6431295996313,6.96272228515408,4.34241659894283,3.17168470038304,1.63218059986609,0.671005332238053,1.58324764645248,2.14009605774981,2.36519923536808,2.92246511256244,6.1253874310688,4.86075861820671,0.947870461298808,1.78194480099163,0.274245463830152,0.436862097839757,0.803102276641892,0.4340594985232,0.852383166317725,0.621506806129472,0.338042859559904,1.07608861619876,2.66805349811297,3.54814319044011,2.32151069414847,1.66957388850081,0.988247171462962,0.313393204628653,0.757219141693342,1.11763954999552,1.02252869221561,0.499642516601422,0.166108757186708,0.384180616434811,3.16056716846301,1.11670751016513,1.30039158032998,2.04916476261493,1.42843487234643,1.17070669557145,1.46260720184981,1.35148110619384,0.748644575442041,0.611869685264436,0.513510307243949,0.3800746533223,3.8351066106771,6.49428374552493,6.2842133586953,3.36595808802958,2.89213476769634,3.21246565805581,2.06220350025065,0.773596665199402,1.19381805805852,0.841760648800283,0.432911506627761,0.356666190261444,6.92099887413693,3.57771868480741,0.620060654164041,0.539909073921046,1.18517539276669,1.03567942130553,0.484797189236078,0.524647145842534,0.188244154482587,0.165225935428181,0.11554188571842,0.0951436974507874
5.93333438096408,27.3446870361934,12.5112479595996,7.9611331659345,5.82231636892435,3.14988225113347,2.86407401122468,1.8158088084652,1.51149586346693,1.06943316200728,0.682260351135764,0.7960574616731,47.8495118862974,24.2956608675304,0.745845155361291,1.25609249560715,0.400588404173026,0.366805936516832,0.140268212050431,0.0297822127427093,0.189529537726705,0.112134071474272,0.0228301683913612,0.088661655418116,0.402998941580315,23.803495689047,11.0489912099942,3.98110529894355,1.90547687595846,0.813329094843513,1.01716211191358,0.657858818072137,0.702190592503503,0.642270113194182,1.15163504370652,1.14629906620322,10.7689468163648,8.33188767892895,4.73635979070981,2.40697755815825,1.14594914006056,0.606894132596793,0.419786576144357,0.361146957756226,0.353915762728107,0.502607827650936,0.421982109332556,0.244480209208113,0.27751176612728,0.183683046886286,0.202114612105803,0.107106944299317,0.0547607247015397,0.092356071188828,0.1143866608412,0.0858535052785448,0.0135183384007248,0.0326760044551749,0.043426204388399,0.00639757293620443,5.46965079252564,3.94729830462726,1.82673953785113,0.180431737146575,0.668784291395726,0.263950853176732,0.265083341404518,0.204359465332725,0.0834993796291493,0.125367486629437,0.142824377684842,0.141972631860901,33.3925654973488,26.7353195828927,9.55759242685935,2.86646888771849,3.97609913230463,1.67910943651738,1.58477679550044,1.37236227651004,0.703602047500206,0.654309873495569,0.742470890215685,0.301192931197063,23.7401950059145,20.4832754645721,2.43277584572395,4.95176423288096,3.25150743417096,1.97314773018853,1.65345196343325,1.00446561343384,0.333633863231152,0.450016914557693,0.625812486998148,0.426372242925849,42.2754403607719,24.0555854991887,1.67019459452855,1.44819493840676,0.958193797322785,0.958609502627079,0.479571374519046,0.395877869300569,0.283088383380611,0.200463842430884,0.184095575865957,0.279504012840827,13.3251590870512,21.7970421789902,13.9590015839159,5.01510535543362,2.28866454546816,1.43329207738501,1.36497860759922,0.532327094844176,0.629765938226857,1.2467199562735,1.4074113203221,1.3594943986889,4.34480113726573,3.32853843711863,1.55745759326339,0.416944397769054,0.333987768178109,0.18134306676771,0.149817930797985,0.168464393557066,0.205305418673111,0.402009640631504,0.145486632700981,0.0109086250250887,0.363561231586901,0.153647605398199,0.0952888820383488,0.0401712063375293,0.0225965034145474,0.0775086753605621,0.118019941198179,0.0659868778276845,0.0280744146530349,0.0497633495665735,0.0201932453274759,0.0124262300890246,12.5683004482864,9.16196057943295,4.10634994189692,1.3102564292443,1.14145319356897,0.99830601571664,0.111225359485038,0.329017617357395,0.200743683612141,0.316602701275496,0.106973463590748,0.204451691869913,25.9986051863841,27.7931129244245,12.3537838415367,5.22217100853888,4.97267970310407,2.2272849992135,2.07840608570827,1.57755572975666,0.9312558052549,1.00372527640626,0.787342578180387,0.718360753737873,36.7806997050172,20.9804161331897,1.2769380540905,2.4923829937085,0.853319609591921,0.814585393764515,0.502867763861581,0.263944558412927,0.109193857900707,0.168798887104805,0.0777179612741473,0.200197355063257
1.90515951541812,17.1663865795627,10.5488407949153,3.51397417110777,2.2990775062345,1.02651603530108,0.631003289476335,0.286850012831234,0.325479213637895,0.318884981882649,0.0828176396751237,0.135154405607777,12.8980332406004,5.91618195531065,3.72795212688723,1.0916043055259,0.571833298031133,0.412697039902199,0.146567487400218,0.201100494200613,0.0321175493715134,0.0805233412972208,0.117907344289992,0.0634607752884722,5.572292146507,4.76980793332384,1.96793901265094,0.804627189922827,0.450447626540948,0.82338652454699,0.622370024150335,1.1627454084738,1.34349650988303,1.29487966711639,1.05551339309041,1.01694584610631,1.46898442843605,1.00423924490126,0.380228092033953,0.48007366320694,0.494678995974119,0.466312095360996,0.661654341911401,0.569482283504186,0.639625385025756,0.723413556905907,0.56877730315408,0.46099054495237,1.22264260888845,0.5356846031082,0.246427264087926,0.164114711297053,0.100119423355212,0.0993028469239206,0.0897157944893156,0.0988654787525878,0.0567488706084338,0.0163876682288628,0.0516373874941116,0.0331534149865961,3.85865821957362,1.98948132679111,0.460776978411599,0.301556763543257,0.171042826025136,0.294122371051653,0.119112791520172,0.0444021027434581,0.170162314098072,0.160690782116341,0.0394595688929372,0.0686238579835022,16.223749338294,13.4837199018733,7.75380258551419,2.54018489041461,2.17704320546025,2.19381702874136,0.942395877425853,0.24147579931879,0.148832507912852,0.455146262904493,0.111074459840053,0.225486735827092,13.0691838954167,14.6057910716853,6.52017313873085,2.10220387137494,0.804271676642899,0.933110527462998,0.527928513519959,0.333785321417674,0.165138531199826,0.0567788364627052,0.135525361817027,0.131014864704979,9.56139542855457,0.917193485026851,1.16552744029151,1.18985613093955,0.451724377932217,0.288656517571152,0.354910477791845,0.101032803591283,0.0790419787372208,0.223025858255642,0.0802401439510335,0.159277325549646,9.59644141535487,9.53413100103827,7.3954886075115,5.21925893743762,3.01659993698316,1.2631632467369,0.0497936433163257,0.940434066137955,1.61410866426366,2.00464295518169,2.02593591531079,1.8437282781065,1.3636172803423,0.50510361895742,0.365091484617651,0.270882125478184,0.221929009848929,0.143619192662729,0.287668786268808,0.197543134085777,0.16204236494191,0.316997715259641,0.157453992038469,0.209275237254171,1.57339309130764,0.523268235009535,0.329629727939257,0.133619661370657,0.091444339292934,0.0751556644552466,0.119304864328016,0.076556069299031,0.0307796328707564,0.0139723736263099,0.0277383321243019,0.024251653204861,6.58625643543683,2.8287572328027,0.931018916974981,0.779527409475197,0.263268322482344,0.444240398980024,0.419761371635029,0.141216802518505,0.330941517786578,0.0964459819559464,0.191686423761046,0.0776929131717721,11.8568558506054,17.1633763915998,11.5886456765127,4.86165936085605,3.54226083414542,2.5246200583154,1.48090187910274,0.669521470895203,0.480119525249266,0.362980431973008,0.209142023600039,0.177920111659446,17.6234721832625,11.6014202075407,2.28993949973674,1.81233492369151,0.453286941177226,0.525557291279975,0.26679554758123,0.102064432338059,0.12877656947976,0.126909200569659,0.102935127064587,0.0572255275957551
0.0201548489061848,0.0169928233654122,0.0132333651330237,0.00736104786777091,0.0028765563816035,0.000802815374598477,0.00236874551473489,0.00233784692208058,0.00410419974949531,0.00332115228250103,0.00327109478169343,0.00155606425476206,0.000834359331563956,0.00152987661759544,0.000732629332351414,0.000677358054738684,0.000874703333167806,0.00162680762849744,0.00099930255232743,0.000330692531703125,0.000853144000618619,0.000208685940276094,0.000515662181243534,0.000428952464367237,0.000799831590912943,0.0120325026836032,0.0149110673254347,0.00680731914659783,0.00731156288468863,0.00495011332965639,0.00255448653675034,0.0016515457881364,0.000385766690531143,0.00154329229909616,0.00123137760303667,0.000459004271988598,0.0691994660694309,0.0758317075574156,0.0642052161094981,0.0157738769997836,0.0556369463452805,0.0779819998839494,0.072590974287462,0.0595358418492633,0.0495379583254191,0.0463538174546416,0.0463151667381859,0.0433902746986418,0.0505252865126588,0.0477409368083168,0.00727061226816338,0.0259049730863132,0.012001160484691,0.0110398633201064,0.00627100813387367,0.00691287281646144,0.00833662892726441,0.00472015615697655,0.00485621646941218,0.00467921217412283,0.146465139869384,0.103202991823123,0.0447673628884687,0.0473852654528631,0.0328720734489698,0.0375926062213525,0.0303414318643482,0.0240159340030645,0.0125870584860904,0.00823970369025185,0.00216904851971494,0.00503767169367145,0.0601145552910615,0.045249179125039,0.055376916445085,0.0402329717052066,0.0310958839158946,0.0386502176586633,0.0304417856205722,0.0258926433969494,0.0263285220290393,0.0236231379410433,0.0194465004121565,0.0156060331792362,0.00544433197144401,0.00228720122077723,0.00322665935302275,0.00193797165404621,0.00245769244222991,0.00222414558818703,0.000440326964676104,0.000933540797625737,0.000553389180760613,0.000429733664368317,0.000145150908966889,0.000974921883937879,0.0010508308537604,0.00121499228500626,0.000689329780062296,0.000605124545750489,0.000435970123530501,0.000471355817090898,7.41964208634606e-05,0.000409356027286565,7.46505089882448e-05,0.000219982176384463,0.000203609085034303,0.000219560076427479,0.0175760689410933,0.0314613321028835,0.0336638764621292,0.0279804492119511,0.0260659499900377,0.0197634311422582,0.0125754806764362,0.00781894465709343,0.00452489949846966,0.00362856942308482,0.0071051266568274,0.0072402427312709,0.0579895225214272,0.0595606227505914,0.056439470255941,0.010758056072709,0.0625326747728204,0.0797633999497741,0.0724778996898413,0.0599806619070422,0.047975707499174,0.0398936639175629,0.0378462266397409,0.0370846709895437,0.0993706884167637,0.0655833618593065,0.00638110091459132,0.0142403698735831,0.010638561068347,0.00785069483803147,0.00427374276018933,0.00461401113243933,0.00485602094097061,0.00264986162530937,0.000928645498512979,0.00151299586762049,0.113980401903923,0.082859696604813,0.0856994035847109,0.0587522137892004,0.0528429963990071,0.0627328207038045,0.0585638213001466,0.0628899172499702,0.0506166841257155,0.0274574044239696,0.0194851374036822,0.0191251869750964,0.0468831780056666,0.0436864667574233,0.0365126071325749,0.0213350766352902,0.00479105500750789,0.00875013236526216,0.0213580627261439,0.0272705647068867,0.021871273054447,0.0177581929355656,0.0144600235438372,0.011684215061495,0.00502083623041439,0.0020913487010934,0.00107330745648155,0.000191275091682099,3.66939070113617e-05,0.000517805613994156,0.000512962736290948,0.000471607706206893,0.000307086185574405,2.35213678848095e-05,0.000498823843510849,0.000191974106199963
0.00147998647371748,0.0107394555041012,0.00530623470324925,0.00323299971318691,0.005270470525773,0.00713275496174147,0.00361455180351146,0.00545050875366357,0.00999610065054838,0.0116440905567827,0.00786676720906225,0.00708918566308275,0.00481058428818592,0.004392842711067,0.00170448318338832,0.00169096054019684,0.000565895277279183,0.00141504967693781,0.000731745549027478,0.000499130343383291,0.000932340724264614,0.000504121022137319,0.00024722472864811,0.0007877363632711,0.0155215667094016,0.0122092602184849,0.0044938754333651,0.00123268464375981,0.00205073571193726,0.00263663200793642,0.00200246794072265,0.0018560855380532,0.00273909366429597,0.00101384601917398,0.000531808609850119,0.00151398115014955,0.0555531517572381,0.0594098821998341,0.0435685404381769,0.0243134255327506,0.00750448321994857,0.0206989639274304,0.0306773341861628,0.0283155436529295,0.029669390049328,0.0296444817017942,0.0264891398946289,0.0213331261982084,0.0162323564804042,0.0311895421030058,0.00287998413812155,0.0185960314003862,0.0105096825663076,0.0143682379014855,0.00598925687425408,0.0093988105527639,0.00356124242340048,0.00269213663863831,0.00359282810325924,0.00157446775212633,0.0494212899037778,0.0126470515837993,0.0257174696443323,0.0349676202613714,0.041908713249309,0.0355083474225214,0.0328951260369315,0.0206119100827845,0.0117638787540347,0.00930139169761405,0.0026620732966401,0.00277947060540628,0.057405364412516,0.0543137454629977,0.0421384062644674,0.048005485885552,0.0659586305851218,0.0616065590176332,0.0586578433465577,0.0575002416763263,0.0586094670023369,0.0485770814516166,0.0300082470317201,0.0199269989423102,0.00870407238354641,0.00602024182850345,0.000833337248422539,0.00162666187945771,0.00240216649528845,0.00446387444970759,0.0030203911504114,0.00360372471495602,0.0037690021668728,0.00282724334058583,0.00276407059267723,0.00333280079464601,0.00136150839382829,0.00473960162273071,0.00108484134629357,0.00123176541501331,0.00135413950613384,0.00119806277314199,0.000114702332804858,0.000190864188716944,0.000501316544143115,0.000243672574030604,0.000457488101626241,0.000418645826032706,0.0161777368003644,0.017802029894067,0.00568690256443754,0.0028405217412835,0.00565224275066584,0.00436000082182937,0.00530972103902244,0.00660092404512835,0.00502490786174674,0.00389326749982216,0.00150327540107113,0.00109472468128107,0.0766465385352665,0.0717929109331485,0.0454716194792247,0.0321961530812567,0.0341612093872278,0.0394995665998757,0.0323397616896264,0.0195532903750466,0.0152086549754839,0.0147405566298667,0.0167188687832634,0.0163336528425527,0.0556382421176352,0.0637276841818921,0.0223253261945845,0.0108041182285002,0.0136536544519624,0.0129200847293074,0.00333640303003974,0.00473510424593879,0.00799723164071411,0.00320814693619621,0.00511989380844102,0.000226826961091431,0.0543429346004412,0.0107968448436029,0.0312603559282404,0.0346333791331231,0.0649741479622447,0.0507638374703989,0.0508169949699316,0.0622174502540723,0.0867443379269587,0.0985243425282494,0.0683264355433836,0.0459494745347984,0.0333855366553754,0.0410228363034031,0.0300243721229977,0.0146009770725987,0.0105930308154928,0.0100531936993512,0.024213245042063,0.0302275463867502,0.0447158545990947,0.0492572852178925,0.0187392868644097,0.0135994336774753,0.00890219896848511,0.00469616863075094,0.00195232894296504,0.000888087643910503,0.00180323327144421,0.00245630664082202,0.00317142127528919,0.00373130614681903,0.00124084641994092,0.00140712759276913,0.00266802608790831,0.00235963067973225
0.0124608785354833,0.00886209976494508,0.00297000349943312,0.00182534147363065,0.00553824683569613,0.00660468576139771,0.00430428757163095,0.00907049618941321,0.00606948010525497,0.00514690975085956,0.0057065936588869,0.00150649540946698,0.000481047420140941,0.000688692690087385,0.00151485196919047,0.0016800991989093,0.000607303035018081,0.00146639283628286,0.000566080547557668,0.000361176323714225,0.00112394909603707,0.000490961531450031,0.000579419015513942,0.000516911020694737,0.0152997643937964,0.0113597942284372,0.00280014344393677,0.00282682827165838,0.00322234962098039,0.00208810286173951,0.00244979134171054,0.00149895753888234,0.00229329035807282,0.000868683018980973,0.00031919541953582,0.000530128566406764,0.0957360874515518,0.0736222925808781,0.0354393324001272,0.00882177411665378,0.0203085443944536,0.0277111165117078,0.0288775361217353,0.0238562305919459,0.0177967802656589,0.0194326448079899,0.0203657318066959,0.0175990379757812,0.0205002885554459,0.00191683516018295,0.0105561089609233,0.0157907112807798,0.0123602505420704,0.00633180780948314,0.00253973897738444,0.0035914199196223,0.00357375544319097,0.00433533756718669,0.00448709611119373,0.00439997265581613,0.0777160071445859,0.0828755005561998,0.057001655967945,0.0268538745849232,0.0223214255018179,0.0118136395161781,0.0136191697342888,0.0145004475379298,0.0139047601621857,0.0111192427123437,0.0130719564253827,0.00985618981835332,0.00857381748992201,0.0390990970448591,0.0270315040544733,0.00670333688872746,0.0134271401853569,0.0156790764561439,0.0174910749926641,0.0101663544051937,0.0103760262401412,0.00724247333662476,0.0222355235352836,0.019845577256051,0.00488264955550913,0.00261061735877197,0.00163169486640617,0.000141269718285793,0.00145063455293534,0.00375169282805374,0.00386939882220917,0.00340023720089605,0.00317922067922487,0.00293733208046194,0.00330990871929887,0.00266820964803385,0.000853839263045843,0.000346867980830988,0.000807024450698577,0.00056869273336067,0.000846510357707965,0.00106948208857113,0.000559459523531586,0.000385525360431772,0.000310471866972188,0.000465818544007366,0.000517270441602205,0.000514065290844145,0.0307955650351965,0.0207033987478848,0.0079460725904013,0.0049244465635629,0.00651480154835691,0.00814925820273815,0.00582816593788929,0.00612501702298299,0.000843161917422906,0.00599662987614775,0.00379205215456373,0.00168228042296956,0.0847042365895087,0.0673565751237145,0.0378697440470335,0.0240773869002962,0.0416255071472395,0.0510283396647964,0.0469523504034683,0.0413124340827431,0.0363934509924093,0.0331998094137301,0.0254666218917594,0.0179529576862575,0.00550703340390206,0.0239822073056457,0.0200931857305285,0.0121527958391744,0.0143560742001589,0.0108560207615616,0.00287912937226791,0.00232660177383607,0.00465224778213324,0.000493281313707968,0.00587260305890194,0.000490580845269671,0.0842232722845069,0.0909773280175133,0.069132884601321,0.057145765159123,0.0582664727700891,0.0326881979055013,0.029877529779795,0.0396584807659974,0.0347255328939344,0.0352094143201943,0.0373548787650422,0.032299486368685,0.0236551639800642,0.0212245427196997,0.0118017452673046,0.00885511655632536,0.0129483457810475,0.0135401478542209,0.00386920625141458,0.00966369140963911,0.0265267994097889,0.0171434598266381,0.0134962196853283,0.0180918961525265,0.000270036469126497,0.00143931200911608,0.000345553780029744,0.00225108842711769,0.00279480200855181,0.00356282314570022,0.00330494908927481,0.00375250394619748,0.00122747305131675,0.00136490334441723,0.00302239281203814,0.00271420166617694
5.55538797926531,2.52696049254463,0.8644446320786,1.58685702036083,2.11833605094307,2.98706409541803,1.15441504633088,2.42172962523054,1.58173943894915,1.10555484817841,1.18760765282847,0.237394569610864,3.7068222736861,1.09862183684175,0.880811946596772,0.958655377763162,0.352396121370529,0.577076391481497,0.367782813537035,0.0932288784322722,0.257276362829278,0.0304380643227013,0.0712569362737871,0.10376128390236,11.5141570853691,6.77859897455955,1.4369036564425,0.192813417006109,0.404544009562073,0.651471641685529,0.43869142811919,0.140180009922584,0.424353573280304,0.0541562723404995,0.21813301398668,0.0133615563295373,0.562804101878441,5.79720531724677,2.53457790354963,1.74992202848531,2.88442149923407,4.69062686828125,4.4539326655934,2.62402310714737,2.34144332361601,3.01096302308878,3.37050181384739,3.0169295960168,25.3180875413677,15.3699383609994,2.31641402613242,3.14415120249806,3.16491595416947,2.53260608962988,0.178071030509739,0.675664181122655,0.168085220435349,0.401018844545341,0.656210296582526,0.381471682153816,7.58228159951288,15.6761245377674,3.17458120607844,1.26711178021913,3.09960590385301,1.71284280851546,1.73982094992149,0.802646114732993,0.0877948249763639,0.162769782208773,0.943782496876581,0.435716586918642,13.6154765509696,8.93893846367531,4.29233679520482,3.30862224378445,6.18077945709707,5.37136184599274,3.12760620437338,1.8070989957958,0.697819643974901,2.08589398584914,2.87242511555399,2.1833439455513,2.91234791551476,1.06381398837947,0.672537810112259,0.606795485573195,0.702822609953446,1.57936787348775,1.26463820935454,1.02913563305818,0.824041906213023,0.587996301381719,0.635787131378265,0.556655882854567,5.12277954254852,2.372680365158,0.24900412033548,0.573605806738775,0.413001707133692,0.454564857376346,0.158658935108653,0.0636891079746712,0.0277896133701398,0.129843507006581,0.0925090061634784,0.0415762276403334,10.6072658436673,8.38412632597101,2.71220809356159,0.454419999175848,1.66297603331085,2.03197212891201,0.6791350683844,0.905437206063772,0.264373376746412,0.421983269143895,0.250482229370744,0.349718862336228,8.6949415778302,5.55112442449538,3.32176335950422,5.592742718856,9.66730689812896,9.22927917689446,6.2772548463683,3.79512945214736,2.76076167302427,1.9587490106771,1.85073231127202,1.79666321306782,32.333182667432,20.452827893345,4.54897359136737,1.29551692058634,2.49090213611436,1.76517713375789,0.842565348997547,0.366371729680796,0.671933804331937,0.345334006079384,0.90842995084154,0.234213479980425,2.14850270712619,16.6588680114203,5.95555478609105,6.1907726862122,7.00097254452805,2.0496812294,3.72243975511171,2.82617437695027,3.21450204232236,4.38861325587679,3.12621180581731,1.81969180970303,9.79614776921488,4.36328465708097,2.89718882921234,0.338436166366303,2.66022530676096,4.79356854851724,1.11546726242148,2.1042413083635,2.86693015335227,4.25293830336931,2.96642107489999,2.13897578029696,3.43999717203262,1.41578919221316,0.0817442496928052,1.07931255026679,1.24137078985916,1.25432068249285,1.18658172784668,1.07499631493551,0.279051633954118,0.268649772019436,0.595769974468203,0.525717178619151
3.15652468594072,2.67321156835527,1.73645168183616,0.966288056625523,0.175331475565755,0.443711233875381,0.252401332367675,0.251176818519153,0.12080783005159,0.0373752584567086,0.15111543638335,0.0802864457954404,1.31648185776947,0.908134681384748,0.0981734196289615,0.0848347579714104,0.0720995235141177,0.166681152497108,0.179959349959011,0.0476129521113864,0.0379256668679461,0.0628979783588067,0.0489185276236885,0.0497258614427685,15.925470548412,9.06687850198055,3.11593096618963,1.29643656346134,0.606532623511618,0.241826502775376,0.331336741897812,0.172354576231063,0.0387529757746473,0.147256935514709,0.229413053679031,0.0861872213412697,22.9425983925887,27.8496939253466,13.0593602011186,5.43403897859891,5.43064428949895,3.10842451953734,2.51968561906832,2.1598926843963,1.61316113461805,1.42392454995406,1.16993499160908,1.25719379693151,40.6504870080548,22.893315844529,2.41705010477181,2.35012579996425,1.69769653917368,0.993259081929123,0.601361766839518,0.239022419761394,0.198448450868645,0.107248901612985,0.111724133534077,0.138180861736222,25.0891022378548,23.4593915371066,5.51769716089397,0.507010556491151,0.870905464039141,1.16740027833078,0.777789307161085,0.534842153011573,0.627742436027251,0.413862213021087,0.402098396289191,0.4580125342017,17.6211406255997,16.0163578436382,9.67540954043431,2.68395997301149,1.36092518153776,2.13871800755256,1.12332166698315,0.56122479831492,0.653668060477072,0.919523648568562,0.753811374424951,0.82849929819164,0.891555348123459,0.33932359946103,0.314278613042936,0.395963530554562,0.163615854548925,0.43707923346547,0.153810235897554,0.145871500407104,0.109331598266502,0.0737481961950694,0.0753673855936313,0.0909719845782892,2.88295163744595,1.78790964953613,0.308449410958875,0.174130032142442,0.111864190972559,0.201705570188185,0.0418873876669281,0.0894532438509103,0.0364079140197733,0.0622976532733406,0.0612406431003038,0.0317785502694111,26.1395251673751,16.1152813631719,5.01027629152702,1.35900397093798,1.01482864512342,0.651543807613133,0.260360667807814,0.41807587269096,0.260324277789598,0.0882685268249413,0.259248183858136,0.105842457256499,4.56630423568342,27.2728888712161,12.7528714583955,7.09008508444837,5.79293551886981,3.96739381109332,2.12216778872377,1.80751751834484,1.03501544592546,0.735181959026459,0.755998828732348,0.437260956514034,45.9809171627686,23.9680701221103,2.03982766075805,1.40897958290924,1.34803369202217,0.890483507882254,0.346173741018956,0.155888854133397,0.326573863482564,0.126480980342009,0.113114471334867,0.0381470309823125,6.55884759920338,20.2910797416136,7.36396169773585,0.136749636093937,3.82566320160687,3.31921915477052,1.58683772724691,2.06239198533551,1.56354785989268,1.49959794950664,1.68120494127992,1.45679890024487,12.2967497367359,9.35755400297641,5.24934992280272,1.99739864853382,0.358189764542526,0.66412778926528,0.557235082852593,1.03598049428683,0.541868357785553,0.607236655015852,0.762810458531011,0.575784197570603,1.10713381991546,0.344727913754931,0.156141585017446,0.116917294844791,0.124635937441827,0.176623962254334,0.143218814740275,0.080205108788544,0.0143604103572499,0.0262603186052049,0.110228944025256,0.0843622401955767
0.35223879085595,0.48452106787623,0.705468747985538,0.417843595820684,0.206923515996147,0.184602632487165,0.211961749034828,0.277960804909228,0.297335242502869,0.20766471836661,0.196936489597446,0.139476628231812,1.0993302673484,0.510387270213246,0.115750705401523,0.117696878269315,0.0160668781508436,0.0561278617229657,0.0719640749317483,0.0377230346904522,0.0356664601813462,0.0328204085768003,0.0238311098560259,0.0180090792047275,0.346513721461814,1.51022673004211,1.25804515307043,0.343462336735981,0.439739089220664,0.307247239508958,0.117852831070818,0.0890149441787463,0.168489950856866,0.0548712622754008,0.0735935037773494,0.056337792427976,3.04666303953523,5.31142908294481,9.15762655960109,7.28882766801003,4.03494726636182,2.32034697721534,1.32281157145309,1.00252656118975,0.971212375130743,1.0943843720075,1.2562762690445,1.24978390021864,6.58924551529673,3.33094843536622,2.70634447754437,2.85789217853272,0.512166833823341,0.230765319128869,0.41739203761479,0.0616695292872365,0.292184173021477,0.167374248982533,0.269994346048322,0.276152359950872,9.7794359753216,6.63853445205595,2.5526528198718,2.45029725756659,1.51496312061428,0.896334711643249,0.552258991581216,0.488201399154136,0.180411820351741,0.217666605417705,0.446911143287338,0.569376719151131,3.19232914700201,2.18145333067064,0.253066693953482,1.88475175770958,2.42004463379245,2.1716912716913,1.85409746339629,1.85809046641304,1.79751423546363,1.71629028816143,1.79172094316652,1.4058857286376,0.186989396354266,0.130280980835589,0.311349939269304,0.216152345135867,0.0558331736662548,0.108412387783093,0.0181734481524461,0.0656419315572912,0.0474380154902928,0.0402942685913553,0.0474314459073597,0.0248057342020457,1.00654868119895,0.717032739994413,0.323991308398881,0.0615234888334784,0.061490462711123,0.0117794974859598,0.0257429813064975,0.0394926156224826,0.0381821312808058,0.00639501566774522,0.0183068093188283,0.0295810854751722,3.3364826391855,4.05707372613441,2.93871489242922,1.63025933864412,1.12455235014985,0.569701365543438,0.0827672943654551,0.501173939437786,0.346551865604845,0.101647315848573,0.152459274276103,0.242644596319832,2.65740745250937,3.91447089765788,5.53882076413996,2.57536127764647,1.76198142761975,1.46989173069529,1.19486995468066,1.3298882848544,1.35643267139357,1.20689894634254,1.35267248776827,1.48617554005206,0.372895434267977,5.97869313977113,3.90522358487084,2.05544532277422,0.656893797618437,0.302728644265194,0.0852119970823221,0.0337191857333698,0.125255021004623,0.149006516821673,0.0226297372234305,0.173455044380354,12.9877373090084,14.5090573586799,12.016070780794,6.65492856480433,5.61475395303926,3.36516907101667,1.31334008868994,1.00933485785112,0.876549990663233,0.200826274026407,0.152894748477549,0.36157233974335,2.51714430618885,1.54105659275732,0.736640357322104,2.26773881889748,2.05201651745802,1.71446518070496,1.35532536047284,1.20072676104974,0.951310660046749,0.516612478178895,0.341122506359726,0.445248261075391,0.609503624650374,0.328925659548451,0.15988517436028,0.0626721327767897,0.0392193545721297,0.0231671676767429,0.0393693831267248,0.0561044581418545,0.0477258862597113,0.036042451782119,0.0352266163858082,0.0291811083988697
