2,0,0,0,0,0,0,0,0,0,0,0,0,0,0,0,0,0,0,0,0,0,0,0,0,0,0,0,0,0,0,0,0,0,0,0,0,0,0,0,0,0,0,0,0,0,0,0,0,0,0,0,0,0,0,0,0,0,0,0,0,0,0,0,0,0,0,0,0,0,0,0,0,0,0,0,0,0,0,0,0,0,0,0,0,0,0,0,0,0,0,0,0,0,0,0,0,0,0,0,0,0,0,0,0,0,0,0,0,0,0,0,0,0,0,0,0,0,0,0,0,0,0,0,0,0,0,0,0,0,0,0,0,0,0,0,0,0,0,0,0,0,0,0,0,0,0,0,0,0,0,0,0,0,0,0,0,0,0,0,0,0,0,0,0,0,0,0,0,0,0,0,0,0,0,0,0,0,0,0
0.0458277133116409,0.0316864388817532,0.0176061922065024,0.0102040545559843,0.0170833387406729,0.0180293672331289,0.0146901594192672,0.00963618922210761,0.0013387038069156,0.00506489877660705,0.00495289885022631,0.00234323848221024,0.00392984606058515,0.00149229768511112,0.0025034316485829,0.000851674505496885,0.00143446464117937,0.00100982414663014,0.000448327166146948,0.000758270084716446,0.000263332352660805,0.000480869929617329,0.000555880723354676,0.000601928671194916,0.0023955148468506,0.00092835776134541,0.00130468899845939,0.000644534651945679,0.000743962667343514,0.000406296672573392,0.000414481887471114,0.000480087369457242,0.000225584500192281,4.33446773466083e-05,0.000218503729518016,5.74838751029763e-05,0.066219564700966,0.0576168628823335,0.0396226973180943,0.0193729039317653,0.010325841396064,0.00718443947193199,0.010324939022962,0.0148069702436694,0.0167239290332148,0.0157723429999078,0.0130344481634107,0.0108505851953599,0.03815019320743,0.0512549006367439,0.0601331230755821,0.0321378230439999,0.0308543193755156,0.0313605601804011,0.0256409848120018,0.0354576563745193,0.034960747507744,0.0318418515347662,0.0298567058119912,0.0289186438390741,0.10910987571624,0.0649877259231995,0.0053032462513741,0.00746521161568591,0.00432601663817036,0.010744472849094,0.0038491742181106,0.00307804838035669,0.00273645058147746,0.000274125157282677,0.000907737192376416,0.000752431049691782,0.145863807430152,0.0842950756056192,0.027630305854188,0.0241299282849866,0.00904186349822297,0.0140721715583027,0.012054832040476,0.0129677180942853,0.0107908218931155,0.009807806255387,0.00840784883633484,0.00829503176462855,0.0530260364673379,0.033724928459868,0.0183935448528518,0.00735188818508534,0.0147940822968438,0.0207614010934811,0.0205839600210889,0.0116312243315626,0.00474958604604227,0.0060284237066582,0.00888070195346643,0.00574195748176155,0.00374347560964131,0.000151331274105216,0.00217619952406868,0.00149988110153763,0.00152205383652769,0.00106163621539966,0.000756577370530762,0.00169871118807102,0.000505051565143648,0.00020557800941492,0.000270815639837191,0.000117714803122944,0.00115143400812666,0.00215721766466339,0.00140022832636249,0.000467219848422182,0.000945742481844482,0.000319132104529233,0.000199321923461774,0.000254624626600274,0.000233226754148807,0.000400424242473946,0.000146906698275702,0.000252679849461308,0.0394952742341976,0.0388294634207835,0.028811617502064,0.0196124801429761,0.0111684883319246,0.00366037955684945,0.00486963968846138,0.00896595093212815,0.0110258837934017,0.00839223585972293,0.00462231653306747,0.00306265545178685,0.0360600119381386,0.0688168932684841,0.0688258146852313,0.0271972823530511,0.0281184045204045,0.0331658505154275,0.0340950621169306,0.0398074753765245,0.0395180340014283,0.0341324938065137,0.0286292385294803,0.0262584168163856,0.0880935509353896,0.0657872438850863,0.00587159849409024,0.00208041655950952,0.00618652731203807,0.00713500292332036,0.00268398190582738,0.000935169593144037,0.00222211142029097,0.00106948605963209,0.000588804476510576,0.000985775105493773,0.173498999433297,0.102019753074347,0.0287770857912284,0.0219926783128185,0.0172059159393395,0.0135183943066131,0.0142214826678278,0.00889015130150074,0.00859817519127112,0.00722219004005106,0.0064406993008771,0.00538753756701948,0.0674655725393331,0.0395784455121094,0.0237785743319165,0.0216731569999705,0.0244799454117935,0.0290419456272197,0.0277417031804054,0.0177248315545253,0.00772055137939708,0.00639197214189547,0.0148461890490838,0.0145660558570367
0.00880335644651439,0.0217017470009607,0.0269804779463481,0.0353543906408552,0.0339867063812142,0.0212484974203074,0.0133092303442436,0.0137983022166499,0.0159915782018857,0.0121873621927402,0.00251790314252709,0.00914641257260786,0.0109797441736099,0.00727106674734661,0.00205099647740246,0.00113212395066665,0.000147152008074394,0.00139608400820692,0.00159131929443097,0.00135101416393964,0.000372451010600453,0.00043388800044864,0.000382423302154718,0.000437877118395081,0.00429951223660714,0.00538482153232738,0.0022829345208002,0.00105183437604915,0.00134314380940369,0.000805973083395494,0.000222621957603756,0.000768207952966553,0.000534819124142847,0.000115856698154786,0.000155377405001155,0.000245078104869376,0.018837822564298,0.0282914414742377,0.0219238681252816,0.0158266141828515,0.0131765927202215,0.00751215481150097,0.00464441949939946,0.00502411525175094,0.00242253399811195,0.00187312569319663,0.00451527851966203,0.00539526091543195,0.0505979867681366,0.0666044460570685,0.0282729616088067,0.0147013310581967,0.0187670694638966,0.00302162092751782,0.00688596838464193,0.00828235856262475,0.00660566483024294,0.00794807481842958,0.00551805980325423,0.00479399136596088,0.033062653232798,0.017110972662063,0.0214855127616294,0.00798915889179089,0.0106172081821933,0.00657049637288162,0.00578165631968417,0.00436593821575861,0.000861217628709386,0.000593391538231913,0.000877129660339356,0.000553327834130931,0.0498622061711343,0.0412054189006408,0.0268393917929063,0.0178786831280111,0.00726892087249991,0.0026209849031028,0.00364485130328474,0.0139594967013945,0.0154022649151956,0.0122284786203716,0.011544920617356,0.0107134243108015,0.00098835611267866,0.0062886996092502,0.00547641376709933,0.0119912730651238,0.0136494210724886,0.00864702068744089,0.00545185148234279,0.0112428024968621,0.0209858882074574,0.0199653895342804,0.00842012083192789,0.00573992257695754,0.00953845295116523,0.00477953326294291,0.000405731026479245,0.000551442577416736,0.00136319914016238,0.0011676551402913,0.000643990473652916,0.00115934728120265,0.000499453089094081,0.000673097826028511,0.000180768415054058,0.000648640843230513,0.000266139222894581,0.00445425177616771,0.0010717162956624,0.000314280648640263,0.00155086948132831,0.00081467725888384,4.29166208600141e-05,0.00041127466571311,0.000642579166345073,0.000531848141623352,0.000178630508364439,0.000188977053727836,0.0115764836254854,0.0207826622281661,0.0119951456226027,0.011585802096957,0.00907119529626225,0.00966665433153857,0.00710809023818201,0.00611774394976897,0.00481433218192325,0.00327266224653669,0.00186678912761966,0.000450355681916581,0.0603418422900791,0.0498654068678652,0.00991305779427353,0.0288270373169238,0.0317858624235477,0.0231891869195791,0.0105780552106908,0.0108967695648704,0.0118369276262593,0.00845687659359087,0.00453435390337491,0.00392511460679934,0.0238442709330238,0.0236140615754034,0.0181157093306695,0.00506776936861006,0.00339996211340672,0.00242157899183631,0.0060941607395141,0.00247937630155498,0.00114681836043969,0.000634256522691351,0.000729090166911399,0.000256139381571838,0.0511947471369458,0.0435750464491963,0.033470748264082,0.0229151753936602,0.0118050361451779,0.00161905731391673,0.00510901227111174,0.0110872167882403,0.0113910849301651,0.00975969847221269,0.00849203288786137,0.00881493524076978,0.00516809340149171,0.00866889133425487,0.00576163196604153,0.013704521301018,0.0155696147052538,0.0133039592258645,0.0131391971086935,0.0150634903449118,0.0233758650742246,0.0252861818267784,0.0169683614820214,0.00307109629211713
0.0257942240213293,0.0298615523150632,0.0172544439605089,0.0154353663633436,0.0130966521236698,0.00718739571382474,0.00312086190698461,0.0047219212631821,0.0129004462184713,0.0121822377538952,0.00687484825515031,0.00785364671120008,0.00033667268460356,0.0014760386826316,0.00146462161625819,0.0005758405518234,0.000468637671428784,0.000357872879947438,0.000565567937993512,0.000580845650705183,0.00041502201548206,0.000147923196481317,0.000230093786867307,0.000356567141187955,0.00368177187520608,0.00295978642603199,0.000879179885350321,0.000179347854388971,0.00031967527109149,8.66750185329102e-05,0.00021973268231299,0.000334811651297539,0.000343802868322118,0.000234321452492902,8.29966791647708e-05,0.000287512545310982,0.0336152125619835,0.027017538944888,0.0238293400205266,0.0106409166943909,0.000516667234259556,0.00133092726619105,0.00519938505480389,0.0057395073553884,0.00361603568715584,0.00313441977810265,0.00408116761177767,0.005008013171738,0.0207826318591157,0.0519252938592891,0.051584377122732,0.0319035117848405,0.0233394544489882,0.0167936515356367,0.00866303346710495,0.0119074024847152,0.00842328042994789,0.00373752696807329,0.00448434873355971,0.00730200775048342,0.0153124202126116,0.0267671140944448,0.00883571369766046,0.00639978812933927,0.00325619134441265,0.00794930218882026,0.00327345516783288,0.00235771404244688,0.00111321786002791,0.000485170907484155,0.00049478807710332,0.000710476269478179,0.0820154950695788,0.0869427022404589,0.0555030103373453,0.0133653654184069,0.00205577369887822,0.0150212212781689,0.0133884359139213,0.0163258211312854,0.016697724585073,0.0174295173782863,0.0167413600024905,0.0142577543644039,0.0205470041131517,0.0332544488535397,0.0226144853435245,0.0152790809235069,0.0163806692026821,0.0132983890935362,0.00772760973115683,0.00382556334704798,0.00985415680377312,0.0131524477905052,0.0104655151600373,0.00905284191227512,0.000341145072598223,0.00169866869206022,0.00133023884329888,0.000935588391964439,0.000831601148962221,0.000323941259564622,0.000136511710853862,0.000568153764942871,0.000362546543069167,0.000234060295625035,0.000140222610428728,0.000334449477063053,0.0025002015592415,0.00314020041119401,0.00149853848308677,0.000217588730486672,0.000799219824306979,0.000374124523973126,0.00011668274517579,0.000308077010236198,4.74788712102902e-05,6.89466758668429e-05,0.000192233211579635,0.000357207637620843,0.0318196917058377,0.0171314697909463,0.015212255427897,0.0077737466781191,0.00465044038913165,0.00204171174680745,0.00417371367392043,0.00458939638347679,0.00475942376811885,0.00397387698263235,0.00206739656119825,0.000676774869814168,0.0442018895560298,0.0578517821536326,0.0525913424718749,0.0309059635525149,0.018348850144953,0.0163370614000405,0.0153058180683446,0.0164070702402849,0.0119461016245341,0.0073745521427568,0.00641595859298554,0.00604952004016128,0.0162568012628863,0.0247918305876089,0.00784193024131686,0.00161497587733983,0.00108274032740321,0.00499239662396842,0.00302051841212501,0.000726205793736588,0.000391751230207825,0.000128443166612948,0.000405354479879187,0.000377141088368145,0.0823202361111697,0.0971301247444039,0.0681556551487425,0.018742492159016,0.0029146659942628,0.0127858257937127,0.0186745441821595,0.0170079170095406,0.0147104834075091,0.0138818220291523,0.011437247851385,0.00968294582258549,0.0139105698425351,0.0438462244019314,0.035922647619264,0.0208670289571617,0.0170381002763343,0.0152938611089034,0.0100664151638646,0.00645012809888498,0.0133476938755094,0.0208815036415776,0.017935066574676,0.00736786435965658
5.66772934854914,3.12216438599064,2.91901452660923,2.99119036730592,1.72173771565788,0.354196844492129,0.446252104756517,0.58916784325238,0.254720276170989,0.793642652396185,0.53003679192021,0.658446724874706,2.34783380795175,1.02985740004834,0.570291236873978,0.321214790363803,0.15977334564291,0.0823735413348459,0.148635404719907,0.0761568378020186,0.0307178363124454,0.0711951940140509,0.0101179715821767,0.0801081744620281,3.28455353654054,1.355781099599,0.555364874608287,0.226700637057356,0.0411808345892004,0.061558870574827,0.0279995304607593,0.126340083859518,0.0540511923466808,0.0775914574962192,0.0281703079670421,0.0265364956331136,3.85559580582807,2.43428389464317,3.49445727934875,3.49749091981298,2.38401834936997,0.707238137367301,0.0158776528690587,0.290779718156791,0.301701572528994,0.238201889620861,0.265487327544549,0.344910308251743,3.07158391378774,6.07197127340484,4.71069215683205,4.58525669607936,4.14185465894703,1.44722802686865,1.20066127180056,0.682830005087756,0.328133945306874,0.246199658310087,0.151043713101215,0.425961486903011,13.8577043051166,8.38712931133069,1.89557212309657,0.703588789766002,1.2743092341283,0.902058870592517,0.603773837702896,0.39252737197557,0.147898996270645,0.0531340112338052,0.0271474122079942,0.0648126643628181,0.598002295075288,4.50153966187408,1.60160636637845,1.1063842266896,0.293626218462786,0.991002514381409,1.23266955528069,1.31652495386856,0.94912152018775,0.822859472330004,0.905683470235014,0.88116519178483,4.96682819459675,2.83601834909187,1.37760919548136,1.59664990716556,0.796653137273967,0.508282362803406,0.923943879255476,0.734104974186619,0.154510220553655,0.632946863632248,0.521799502453378,0.599116837716517,1.54912954246612,0.331985953122529,0.190944108028038,0.0615082163616732,0.0610685565900307,0.16490801063279,0.143837642750055,0.09427387998993,0.0232884439194788,0.0353492158091762,0.0193298311372954,0.0654571116915976,2.73333229601301,1.42777306576362,0.214683527995337,0.103195945428843,0.105570362137363,0.0910564547566949,0.0479364507296139,0.0530335979825213,0.0517225090617806,0.0129532088459129,0.00844768647048187,0.0414705145114876,3.00587817550105,0.865174022278246,1.47471174078571,2.29199087447597,1.74810458432694,0.667189569387486,0.48177824103386,0.509119261885287,0.18921146815855,0.236147431446587,0.15346458715714,0.103679667706157,0.000996101509679145,5.53782238217345,6.07397156434631,6.97171331097361,5.61950455744453,3.36126782730809,1.95216784205484,1.6281155062141,1.06806049847359,0.62525916305229,0.348702476580979,0.236995365543314,13.5896499247691,7.57755205507699,1.40803503562835,0.606268914829783,0.189575290041068,0.0714225683504031,0.520872969880852,0.301504251922791,0.123949068452564,0.0154024789793721,0.0486905881935926,0.0505660584857428,1.61991018876825,5.87264398384257,1.27491790080804,1.34068976149386,0.12132264743878,0.927388533294595,1.38521364734404,1.1136007234589,0.785835688378619,0.508943775803511,0.530327173718084,0.515284115793663,4.7516448186992,3.30641526614324,1.48696596586249,1.5256798236163,0.905521328120909,0.530885048660659,1.18575947122495,1.0393029205984,0.292092807312039,0.941475492241254,1.08463999936523,0.63726403503268
14.2643045961327,10.1943567590308,4.29703110731666,1.01551350214867,0.487522936302273,0.332631879576776,0.389251237647362,0.449813659031874,0.308546742399763,0.0949533551447618,0.293759526700053,0.188336584361403,1.19475660737278,0.577428757296413,0.223280251389685,0.0984375469672591,0.118211470454763,0.0349521403846717,0.0557395547428932,0.0154664468967616,0.00721624364522819,0.0491484576907102,0.0123643652966086,0.0307281846084508,6.38877245029899,4.15761596025149,0.892393844198271,0.185228076541495,0.0826157001708242,0.185265923225183,0.17153552831053,0.149424901370082,0.105851821616397,0.142766714482748,0.121453833518456,0.0872949820043922,35.7920961260274,23.7236266173866,5.27973119786083,1.63800717773346,2.39417856257752,0.643572927758811,0.924865860474993,0.752254380623736,0.207551791851832,0.551212565519017,0.456729603119491,0.245739213895396,18.4337209727057,27.9624427875253,13.0252007499318,7.70209715719849,6.47962507462378,3.6508348347588,2.4436181815915,2.5829962639622,1.56374691622308,1.41597140855676,1.16096036204833,0.603726081663836,41.7060063530447,19.7971965917768,1.21008973446411,0.856702613077446,0.451661858577635,0.573775515417514,0.350290978761333,0.243104873646964,0.0678896305323106,0.0726862430713442,0.0745633683305106,0.0539164532937596,7.97601016305583,17.4603298212768,5.28903912692376,1.36872474365276,0.802073401734848,0.618938554605587,0.108057349772015,0.294330409814462,0.402548061057381,0.232974128335453,0.447367154455764,0.36870832380063,14.7777410977268,11.1346619411371,5.06340199143103,0.92329197872357,0.80993161792257,0.740754577897386,0.668544315974998,0.345286849520877,0.213116651144715,0.105815114549231,0.309690684606629,0.234300098289103,0.974246077945946,0.452890207319597,0.0357808568745291,0.100816368884903,0.180603919538445,0.0376114472380754,0.0325904508217552,0.10730296762989,0.0225208345098173,0.0540681654133255,0.0253740930232143,0.0309095354539619,2.82630996389264,1.99031822474788,0.909876819295635,0.149065471355968,0.0483035741328206,0.149149831249978,0.0984809732292113,0.114195550249325,0.0817584836478189,0.0950933129564377,0.0758606277513784,0.0730405818767403,31.5834893433104,19.9459853359823,4.17911599498958,0.401635847543031,1.28540668603465,0.604425815119778,0.347867074050792,0.660525005608047,0.199152930503636,0.328111011257434,0.29275122706389,0.0333222782429861,0.207273758836111,25.5857232264269,12.2434519491667,7.52722182022277,5.90948156897202,3.78527795071874,2.82381749066015,1.99608516921639,1.90228681309565,1.1155778159964,1.12050097535251,0.745395055404451,43.6332376716274,21.8581876044392,1.94089448080684,0.112822432051931,0.298512252580738,0.532205275023643,0.178675820556161,0.0184378958160011,0.0638020794948943,0.00416118472685739,0.0170387768771059,0.0347536946965216,16.2071442045996,19.415344006336,4.97689108938952,0.712430658867253,0.0863142717025419,0.33379705938082,0.783924991808347,0.256016662278157,0.43417170215388,0.4440068885807,0.21356112212755,0.316176663324268,16.2239193581787,13.2493986845022,6.92429561404197,1.97921914936658,0.908128145665191,1.01207877291097,0.692826952312456,0.364613527981815,0.368648728443491,0.0527790859165141,0.209833993209872,0.490925180747685
1.82028984760526,0.822202514446843,0.822487327151187,1.07938620830898,0.601862242593512,0.376870389941146,0.496877480741107,0.474312301681321,0.303624378437527,0.157691333451421,0.210702505882325,0.166504537193109,3.00997963461886,1.34831637765353,0.166778388151279,0.0676234811450327,0.132398190358101,0.0904306011452399,0.0588354823058039,0.0378625224054438,0.0469333203045389,0.00708901249705331,0.0215306766511385,0.0131163239116081,4.82272892873839,1.88909814197761,0.288568078089787,0.160995307295122,0.058398031430221,0.0495721094545775,0.052640872822512,0.0398163622421829,0.0174388603153709,0.0273031545136425,0.0261179179438741,0.0283480594243254,14.1268672387793,7.68226981986039,2.15248400660898,1.46262928447782,0.586972178566869,0.542509832246411,0.384883867943952,0.168990460717956,0.217852828410278,0.264560228562734,0.169395358407563,0.0216452872151176,1.73697496221326,14.8493348034967,9.05592892109202,3.16036756393117,2.26553356721688,1.45341877021559,0.942300738248523,0.521635650916665,0.31769881991502,0.200252258172055,0.337246676423526,0.221307896268776,17.7568776970516,5.9117885656519,3.5900288656674,0.990213132614522,0.32093987370586,0.113058278015686,0.0614438594135198,0.0260183087992176,0.0628293539099215,0.0625198018651778,0.00323776182915817,0.0178708584231109,8.49063271856223,9.85758183157051,3.69642469679668,0.920929007060785,0.187939489017826,0.869718537733313,0.664455086829996,0.451453295949844,0.313724391062199,0.190775107088253,0.128278835195394,0.176788348916104,2.56531629553918,1.52154926054321,1.9940546396331,1.42893945890882,0.48096337953666,0.206068887132074,0.47863843802666,0.496689314445426,0.422744132223319,0.278100749605031,0.251295893679444,0.190581209976767,1.87674829566566,0.743321872716712,0.194837471954206,0.151978877209832,0.0538751629024971,0.0494198706765815,0.0284202563834693,0.034531333052927,0.0220736166911871,0.0242442962571783,0.020759500182587,0.0136490773433539,3.69481025738595,1.66401336817924,0.228586548411137,0.0732893572919586,0.196318940535116,0.0917067884570061,0.0630097523754799,0.0318681934957395,0.0438073478072801,0.0182522606583502,0.0182175382784047,0.0180022765240134,11.2534876290769,5.14579002374349,1.61720422878822,0.791947835151626,0.182373072870886,0.415630763874604,0.180339670015291,0.0626601566972557,0.106110304953303,0.102327713355035,0.131546954515113,0.111741092368097,6.50451753267288,14.3451691300967,8.07472305260029,3.71711557698476,2.47703855045334,1.5354908231125,0.688835424126786,0.239723704086299,0.257166233990417,0.12953308299169,0.0222777583406714,0.221673616222735,17.2097871703536,7.08233027239838,2.28178806621723,0.725471661993005,0.295483703036623,0.0352611777574066,0.0281204945377407,0.148615256640653,0.0802130689860559,0.0622226843979155,0.0339366794779528,0.0569888168807365,12.7984066088937,11.7272005717821,5.18736042920261,2.06445221412242,0.854674690196378,0.242713998139653,0.555130459059765,0.425501024778844,0.327963960839787,0.182655988152317,0.151906340041777,0.0957362587011831,2.82995434554732,2.5055013090639,2.79923291237317,2.11233215733377,0.60054939066707,0.0893805944848899,0.640047534158405,0.797998879827555,0.606545824095511,0.456522573674657,0.175027564754431,0.322464203196953
0.0821693470557985,0.070995824946282,0.0327585703296862,0.021690162621928,0.043333250316626,0.0345015944326934,0.0150314060252971,0.0189803866425312,0.0267230008461963,0.0239743009965723,0.018189469721042,0.0179207473264636,0.0395673708573586,0.0357527751978254,0.0245933780046465,0.0131632275765847,0.0176377158471093,0.0088451541235959,0.0136761665303189,0.00843852254111872,0.00587491968275109,0.00506530261820478,0.00624278247252457,0.00426482975678679,0.151088798898575,0.07220691186608,0.00785443380863041,0.00576035952642717,0.00828825203119754,0.0077019125798236,0.00573987771914257,0.00276005841926112,0.00356152991586094,0.00355485267151092,0.00443150738747239,0.00211550956430047,0.132798730839839,0.0569211111019604,0.0335706008239331,0.0480683808570615,0.0390204367333991,0.0261996075804303,0.0322985146294033,0.0367354902343703,0.0291604058103008,0.0237983883670645,0.0258716467396772,0.0279284599473273,0.0262979847226777,0.0185865437610461,0.0131283007520943,0.00305454370739966,0.00251771240299654,0.00229246241775797,0.00578935473987152,0.00361575271537144,0.0025013842933154,0.00296031471807471,0.00461686324843162,0.00299919588394138,0.00269672608352303,0.00172786675025435,0.0010383807036301,0.000898932776154311,0.00134453250661729,0.000784752501055067,6.051215086317e-05,0.000497449391516755,0.000834694318518457,0.000678498025330809,0.000362558824121283,0.000550086139414002,0.011536290123661,0.009151579969064,0.00271713657121608,0.00390211180017645,0.00138418937427802,0.00190016378725627,0.00223320984216207,0.0013973816535508,0.000980689241406446,0.00147774028374721,0.000939150437833218,0.000565035138896123,0.0925544889465186,0.0797679524785256,0.0377528174132986,0.0202476654003271,0.0400031767738385,0.0355328984829414,0.01591208014749,0.0112041614531735,0.0198086404351879,0.019963549742039,0.0140364872632974,0.0136805743910949,0.0332715566278027,0.0341671218456569,0.0328949587560746,0.0208874663080162,0.0158182437815446,0.0182348125968445,0.0118094461477675,0.00878961765415606,0.00666030002985256,0.00642565984381258,0.00502268566073496,0.00687938283239485,0.149210913320632,0.0731238617455179,0.0073804081963273,0.00877377639518227,0.0150269174214923,0.0100823309990293,0.00203044705512807,0.00545445365598561,0.00338030565035987,0.00128159129126243,0.00109200564019757,0.00075621595190656,0.129535902604132,0.0578872295820953,0.0233866596704067,0.0387104964544362,0.0424236046808381,0.0325056029930571,0.0268729744871358,0.0310955058802159,0.0253759410134804,0.0232696436280038,0.0223344619428514,0.0275200049874108,0.0276102075577785,0.0219368223650885,0.0124766287073176,0.00264363131950389,0.0072020284503742,0.00495315233185992,0.00404068248664428,0.00556567752646505,0.00486992453812864,0.00377432744214666,0.00158372763218687,0.00397930247843131,0.00433681857634531,0.00221746171165731,0.00045454332371617,0.000918035027488785,0.00144932966015686,0.00110528533530014,0.00124135563897517,0.000428288255873068,0.00162707693160845,0.00110363604269732,0.000550302690593443,0.000968934514013549,0.0132440652126706,0.00440908600788412,0.000835122663838167,0.00309049884991516,0.00231867363402384,0.000389477847442005,0.00281973441761552,0.00084911592069111,0.00118133696778013,0.000318485874865007,0.00214854117076145,0.001327456917584,0.0909803083648955,0.0763099732825991,0.0420731616922495,0.0252658368399296,0.0379547050841479,0.0311145280450442,0.0116591124674564,0.0137701391340687,0.0203687485714014,0.0197781251532668,0.0151776744040304,0.0157311358089338
0.0636819320758332,0.0398467152460076,0.010929016096587,0.0180275118866713,0.0140180639716409,0.00729890086860153,0.0148211041549764,0.00772107090574322,0.00708279189702542,0.00813840184810853,0.00576578470460641,0.00529359417381549,0.00910208052093746,0.0152315077971178,0.008350241849659,0.00793180099948745,0.00767704443198067,0.00645295399789214,0.00306738131993691,0.00254103340582414,0.00102356529085284,0.00307164045001506,0.00284515311476615,0.00210402350149708,0.00794825537641129,0.0202684227244107,0.0230027372751989,0.0142388259893891,0.0108170247664439,0.00846706681129309,0.00623356462966765,0.00314077581193034,0.00233443375621837,0.0028654344528038,0.00150602474260214,0.00217961466492636,0.0377361253045107,0.0211427378067825,0.0291543567384012,0.0496601191453978,0.0531648497842894,0.0499525906668455,0.0371861467874607,0.0227026033680609,0.0151595598237797,0.0145287259338493,0.025673607503534,0.028000766571204,0.0120007620379219,0.01659487959711,0.00322428073116189,0.00599039636079542,0.0104899703849465,0.00639180037495151,0.00604597195684079,0.00527762653222214,0.00787674549801686,0.00921674918989489,0.00344358292893267,0.00458019145784479,0.0227979151608277,0.0127026520965898,0.0026479841657798,0.00103017777463852,0.00100532087795229,0.000461545622214315,0.00110894319706508,0.00043414160481874,0.00077618255959549,0.000678643823885847,0.00134541050648982,0.000974021413377791,0.0217784654787651,0.00483445591906511,0.00502610580049579,0.00298554544332431,0.00132225293748561,0.00130336177089833,0.00161710075435611,0.00166153940806367,0.00114952793671605,0.0010215345176268,0.000113122472649829,0.000286199347579412,0.0572303442075168,0.0341190100583063,0.00597698276982008,0.0045601654183436,0.00246613976684934,0.0095027777114045,0.0115329941563496,0.00514045858959081,0.00180133406588221,0.00511438173667439,0.00526224454691211,0.0059775859647715,0.0131622128033825,0.0151191090437094,0.0187757040300519,0.0161888765975989,0.0146956245224502,0.0110609770605637,0.00180332349727855,0.0034075918788132,0.000310823713380443,0.00171579380299403,0.00323342561022711,0.00383308019410213,0.0162822281027818,0.0209616008045911,0.0122214931819844,0.0106234664159779,0.00416188412259071,0.00170319020680607,0.00209864412691647,0.0035183199589544,0.00143706954545477,0.00284702670548237,0.00119385674459864,0.000240162136884007,0.0339402433392684,0.0201228431503434,0.0129768785797739,0.0319737449396199,0.0367253618564922,0.0292420678431729,0.0201146819930573,0.0181178300989748,0.0190236133011088,0.0250674199666456,0.0311424443447291,0.0285905662463843,0.0105787394777234,0.0191297250909831,0.00612617571077953,0.00750469248025826,0.00690232008646817,0.0106263332018944,0.00471615421170541,0.0061662565935744,0.0068572021450131,0.00728666729464253,0.00880265095724869,0.00373681466615858,0.0288831772161206,0.0145981072896146,0.00262864709251117,0.00171666169516469,0.00132539143028861,0.00203439472894318,0.00211751031311778,0.00263217786691483,0.00161404150066228,0.00139097080245341,0.00137130651852804,0.00110936436755314,0.0301872199908104,0.00977788944909591,0.0039243528180092,0.00236978033466218,0.000530133645748775,0.000799401350221368,0.00231265757850085,0.0010770379046307,0.000830863642578196,0.000449745836444025,0.000761067706368999,0.000546026926111896,0.0605638342850018,0.0335320625936325,0.00322386455460069,0.00598918978394326,0.00391915708209574,0.00460274396851698,0.00839044049210923,0.00267520348209419,0.00270312017055947,0.00520812527485781,0.00597822476183088,0.00493667796293092
0.0612897051996426,0.0588789749737389,0.0352008830114956,0.0175911803048418,0.0310448902526847,0.0341086558807252,0.0253940468767427,0.0152643756230252,0.0142992387686575,0.0153365844134826,0.00993803652566857,0.00603369748833078,0.00780492728766177,0.0212587157832538,0.0135729708548486,0.0140098244102909,0.0162135640068431,0.0107681299513403,0.00622804675183256,0.00522732590403138,0.00286196163854774,0.00443460687128815,0.00307231054885109,0.00155177414869426,0.0145031790563903,0.0541503491495041,0.0363505292445138,0.0123999042915248,0.00727232706302966,0.00599837604418684,0.00734744655501965,0.00643853055511803,0.00430101129239602,0.00101040254025198,0.000579350717029514,0.00259006941260316,0.0667240663983744,0.101661302775812,0.0835028077785394,0.037291152017429,0.0296024256448904,0.031983308162682,0.0410780140376509,0.0449488821298234,0.0438048218064343,0.0419626212082849,0.0371873512367095,0.0309310580346479,0.0171734672430552,0.0156763806955678,0.00877625828542859,0.00059222654079035,0.00119319703970671,0.00273502991609404,0.00140467915214907,0.00455089602443933,0.00584475612575313,0.0119353510174856,0.00451981228838058,0.00253310992802317,0.00357151600187038,0.00246347243340636,0.00093073635712782,0.00110397924191417,0.000867935968591829,0.000767958278812035,0.000546906917524749,6.93010605516627e-05,0.000628674261945892,0.000973994308056029,0.00149133447246494,0.00100229964864618,0.00871449269209765,0.00771280591907189,0.00685006634302461,0.00292695216538251,0.000507423161973389,0.000626203942489776,0.000162466048530574,0.000891322735582712,0.000818299594751611,0.000723489581861396,0.000122562084225055,0.000550576482920103,0.0521717049352954,0.0572668587727411,0.0335523454689092,0.0136002449160105,0.0294591549968468,0.030148729779591,0.024093472813937,0.016054364415854,0.0104590257430605,0.00679270941274835,0.00317797370714092,0.00295868847350711,0.0110140363506497,0.0232738254955278,0.0154058899994036,0.0184618136604941,0.0151441185754243,0.0198178232339694,0.00654089563408012,0.00224755440824753,0.00173168070528461,0.00430983724052473,0.0034439056036874,0.00309129218486667,0.00978003143919371,0.044835530107515,0.0261407181873552,0.0150341743884571,0.0226397600199301,0.0102580846336754,0.0031205633805459,0.0035203107064857,0.00375563664711061,0.000912252481531291,0.000949081461911446,0.00228367402124626,0.0720195786693588,0.0992831273241426,0.0797457597680316,0.0394257693721518,0.0436516674856524,0.0374346654048081,0.0355011317812769,0.0386885595824261,0.035681964602963,0.0358956856852904,0.0338918282397863,0.0254061952402517,0.0181763523283389,0.0173594117227269,0.00843655713099996,0.00187527663371442,0.00854125596559856,0.00650507788549713,0.00143953332544295,0.00611433258035565,0.00187996646413596,0.00761673815103684,0.00886179154973086,0.00164688397791762,0.00539211635876949,0.00325460435652269,0.0014903175604835,0.00145654544355256,0.00213953721133336,0.0016649617471713,0.00167785463164463,0.00199917369665548,0.00122610310852263,0.00157015042429515,0.0012578755824843,0.00145453022537653,0.0131477866047063,0.0068256409365972,0.00280773638763037,0.000634073154671109,0.00021554331623818,0.00112982001227155,0.000971124407228112,0.000834537247496866,0.000665946992272007,0.00057918862114482,0.000671384026069241,0.000767446808144262,0.0463280982863475,0.0515828948343971,0.0301925023720763,0.005336103517337,0.0227289984943845,0.0249907638529465,0.0179112251365008,0.0137084831870748,0.0149774902027267,0.0143376691652998,0.00939955986134419,0.00607507030083483
2.44144360737792,3.63629253194714,3.26525577151086,5.83709344621545,3.73714924272382,1.00284055283551,2.39909760366046,1.23993523144298,0.851224925036674,1.22962631749091,0.772394328433697,0.135399341810303,5.11389604015636,4.60114966611034,2.46007988821732,0.710301391912466,2.08577413261139,1.2682909616715,0.50424299164592,0.163712253160271,0.250573336035234,0.649230500888739,0.4497116646084,0.204972537986132,5.11645864689036,6.58695097538979,4.51465750350125,3.41490620436176,2.54748743293454,0.929151116585563,0.553410304685067,0.524559272705077,0.250197450973917,0.333568497219408,0.0879567414496604,0.26407884723566,5.14820458388031,5.92047262428223,3.82002635918517,5.00505513968121,3.07761389082596,1.48813799411579,0.966927617185914,1.5050392826647,1.74283924081898,2.9671390537203,3.57396558622983,2.87661239589708,12.22060340895,7.69780444915029,0.965697552301258,0.789603959130884,0.745015590762096,0.296258224365496,0.927696784819714,1.14073625290466,1.52448482102881,2.1165991938023,0.961781160832107,0.684423478288018,3.61698469550233,2.72063879589439,1.60807738714847,0.195479305747563,0.0451233944226541,0.114434276032713,0.183712288013368,0.104207914179733,0.126343974719517,0.181894680675752,0.248573634476912,0.177219478110861,4.28589688115584,3.52186123624511,2.49589011013588,1.62264743566773,0.911108026345801,0.333504335178412,0.197540303003589,0.267602050906069,0.195773481257591,0.103181308296472,0.0695551253477108,0.0450078853907687,0.627017904332268,2.98789390568965,4.64667748969813,4.0632779404793,2.41986760302986,1.86143627349217,2.32470487730492,1.51124275266448,0.812637636476906,0.452483728567335,0.265465190511375,0.232140140691974,5.44777587401535,3.52907544649312,0.924075490112878,2.63704044430513,3.27938991610691,1.83887387687996,0.0559658915005657,0.267405668395981,0.272547275754021,0.564216920266108,0.424608988406141,0.375448276526252,4.87677976435906,5.71014995490373,3.50825093221623,2.82271468129544,1.58993446529416,1.09688995492894,0.393148223895602,0.248279625214454,0.163453986906789,0.35963601656218,0.181283992041803,0.245806511717515,6.73873819750957,7.18570857207939,2.33742519700811,3.79765636079053,3.5124787825799,2.70086604584627,1.8813096029587,1.85949428169775,2.13254216424004,3.16909411679868,3.57529881186072,2.63754912776045,13.5576069846055,8.84699393090774,0.959994808650766,0.331116591222775,0.684238801056901,1.90616054201109,0.504942752247075,1.09258810538645,1.19646034932142,1.24448457866835,1.73201592232938,0.709137247337942,4.66414070436382,3.06946667704894,2.27590681604393,0.868980085240128,0.919674523283983,0.729625238144724,0.614330206891934,0.485666952083334,0.352744101717951,0.313336478981111,0.217356461785206,0.212411742419748,4.12808906785594,2.86447070631967,2.00286269760327,1.13185608939595,0.53038810126097,0.188256081715539,0.485979715711266,0.104317109080172,0.100447381624382,0.0324648848335242,0.0733104300042232,0.156402548762927,0.997131737319039,1.59016934833012,4.54615263056945,5.14854317950495,2.59905897759282,0.382600704824487,1.14211675359558,0.613348522931238,0.55893253486127,0.753558409572297,0.641573870236857,0.448166177447087
32.9312911000407,29.4882806755915,9.79929595794322,5.86187133669601,4.24044986470285,3.35501469516441,2.25134962842597,1.8298863247989,1.63528785312005,0.968501443195662,0.999082024943866,0.835193456183604,41.1393514361673,26.1566260046507,3.46358524865049,1.72098496218292,2.12738404329659,1.44058918897583,0.99920069658141,0.923284560174922,0.819160954712974,0.691464178998537,0.390761370037235,0.073493453634926,40.5738739686926,22.8914078873928,1.86131749725733,0.152842927037126,1.01295738202527,0.92836472640056,0.305881706686225,0.381408509735472,0.267875727873073,0.517112346005361,0.356693742164765,0.120832401936618,14.9376823711362,20.5861579935088,12.270244305937,5.42363346825424,2.89026049173971,1.51991265518528,0.768254760700371,0.81754344026524,0.436275817637821,0.455610481165889,0.658330728084874,0.384815932553807,6.74920167016212,3.56069182009628,1.46134402164323,0.163477276670282,0.41626228616366,0.261220270216369,0.465234896462247,0.281005105656026,0.235404711623335,0.0478777651060968,0.175815799356366,0.201678104246542,0.319951181345856,1.23258515492802,0.472281232546932,0.290032886628728,0.093092463366458,0.0485014116968239,0.0718039668560802,0.0776676616128294,0.174174940464471,0.0709082598529061,0.0376713804342356,0.146482630336115,21.216513044838,13.3492337220878,2.57682681414043,0.31067145782209,0.401702514723937,0.644118965867856,0.176507894251786,0.0719277129969781,0.266004544813968,0.127095769780212,0.0744187437332546,0.0929749629591577,34.7401194595299,29.0145559069408,8.60066743121867,5.66006965740094,3.69380302017196,3.22016444886882,1.7684123961653,1.03259773744951,0.99003656966022,0.968101447159841,0.631681659646795,0.798546469557038,38.7860281376447,25.9037171688635,3.5827881363655,3.16431699527624,2.42906104613429,1.57682706166228,1.51364220053465,1.0488432487715,0.662774883377022,0.355620704917849,0.205918959824088,0.243396291257771,42.1905326217791,23.3059498585329,2.2698509407959,0.339797948369531,0.735706100451683,1.26099127217943,0.493930467625874,0.0903773198383338,0.226408715487221,0.394729883774603,0.250450075693519,0.29231169809987,13.1292697959138,20.3739205663026,11.4536186062332,5.25725965362951,3.90542323663026,2.68973748805493,0.910556108808532,0.67387163701078,0.338286571572696,0.671854467703331,0.700167047103,0.484670931205547,7.59434528514199,4.03605259045976,1.74037968734888,0.274609021689973,0.307135119130758,0.220421939405157,0.191734049834414,0.535581814714599,0.221812775798868,0.194790304519702,0.191642166853132,0.109854637913741,1.83245502011733,0.689293260497043,0.389863969519922,0.410139404129027,0.254800999088193,0.0920035026157779,0.118495560658671,0.066674802063114,0.269628944207634,0.148516734656822,0.100061163465228,0.0996600248093421,17.1329619088129,9.68081046625469,1.24818678096694,0.69768626925876,0.237359256699332,0.563609893672517,0.408252355476191,0.19280917761498,0.104838131703534,0.242372249557853,0.220375288141156,0.253902738061501,36.9400611424785,28.3523416140504,7.42054598165069,4.85601086840054,3.01815863338439,2.49835403645099,1.87067989443284,1.09817891688233,0.794359944642539,0.974442479309081,0.771939477468562,0.569417883543541
14.504178508119,11.8486952233523,5.59081443389569,0.993580817358654,1.69805774056541,1.31779352043543,0.309970836720802,0.964453463388272,0.995575745019453,0.675650857655049,0.344763534528877,0.269514330060622,4.43989520653917,5.79808205705612,2.40728042473511,1.44771218231807,0.782030677608458,0.083443589563674,0.312271071612109,0.0765324914071378,0.0596927156085561,0.0745784708471889,0.220218624241963,0.273482271211916,13.2900654401073,8.78892863437197,4.02201048315801,0.913737153015239,0.444552600656184,0.467145841151438,0.143987341832872,0.135300911183228,0.158071402176935,0.0864385208269092,0.115729846116199,0.100282419076799,4.6748255373038,1.16421390627311,2.7121498987286,1.70474868037432,1.20237903263456,1.6715044054409,1.15629141333579,0.700230466291261,0.499137100139053,0.313665734764075,0.0733348201103576,0.25991946815248,0.812232480036786,0.282326133371082,0.634928736921145,0.212132169837504,0.301279448887541,0.512297632803524,0.317307682424222,0.187708003215242,0.148862737575435,0.229499818782131,0.139509553831506,0.0797166738591482,1.12667540775566,1.52444294850937,0.973977408468718,0.483919642008848,0.197250277710886,0.0815349489613339,0.136965747239314,0.0611153344765842,0.079635315989129,0.0297277321985435,0.0419998660255452,0.019992138294928,2.79336234987739,0.394469539389538,0.911638282816921,0.64377873866782,0.0895144150107266,0.184415616167936,0.269475020648066,0.174034790209542,0.109463099418306,0.0854853884407477,0.0352702205641837,0.0789996923674108,14.2602542206543,11.0278915172133,4.03078638992533,0.929277993254044,0.976782507489688,0.419610047222994,0.323172325567248,0.664491662055592,0.880076651899901,0.685984318907516,0.397968715762765,0.32133253776833,4.43911003993971,7.31612873255197,3.37380668938718,0.402199400276168,0.633773316858358,0.330420315753405,0.0910156139108048,0.058344991257408,0.263251387574349,0.267334867302775,0.223551725494379,0.187248265768955,13.814972728633,7.2304800483054,0.897818968192148,1.24754391988123,0.6478781228903,0.209556100950947,0.125111824560923,0.0540356807644178,0.174687188506942,0.131116421906536,0.0824952996071257,0.0211575316556045,6.04823641337363,2.4512947586883,2.52292412012653,1.28652842066977,0.106440857160573,0.296930088197938,0.46469942143271,0.208798479133372,0.0449941029740806,0.14372373405158,0.360000798098197,0.532684477774061,1.81080349567039,0.960141055083208,0.337704265620899,0.345586944447488,0.19154046744854,0.249546300334032,0.215926968009173,0.316343409434196,0.226090246464386,0.110631663131913,0.11350977174799,0.069665319706799,1.20890451827327,1.14514387325577,0.570083030952412,0.0951097540477469,0.154010554814486,0.0809959582673661,0.0672481470981765,0.0680434997628855,0.0647353782222957,0.0271963618812782,0.00702753143629437,0.0245146963934139,2.2345105923234,0.644329831760306,0.51686263689381,0.61246741979082,0.166026654520412,0.295740858198222,0.346275375891475,0.0944245652534188,0.0688550655702417,0.0902489139522813,0.0906406154630588,0.137224390311053,14.4374901943186,10.3886573776188,3.65545300170975,0.903445675308883,0.980492075247419,0.790020496500023,0.140256709832375,0.774523458884691,0.968593427136213,0.696278224325863,0.401710445048516,0.413959120845209
